q6DB1adOddtGiPpMZmRKWQ,JP,62,2007-05-18,10,1,0,2,None,3.12,1,0,0,0,0,2,0,0,0,1,0
z_9ETztk_t1pip5rlZjIuA,Tricia,161,2007-03-02,6,8,8,14,None,3.52,7,2,0,3,0,8,11,10,10,4,5
AdSo0tk0zAM9qXV-vEX0Xw,Claribel,16,2007-04-06,1,0,0,0,None,2.35,0,0,0,0,0,0,0,0,0,0,0
tEgHGR1Mmo5SXmG8bsHhZw,Cindy,138,2007-10-24,13,11,5,6,"2012, 2011, 2010, 2009",3.59,15,5,0,1,0,9,15,21,21,10,1
7SQJKdtty2xDXFPD4aSBZg,Robert,198,2007-03-05,420,403,957,32,"2015, 2016, 2013, 2017, 2012, 2014",3.98,179,30,18,10,4,124,454,362,362,56,21
dR_r5k2quiaXvZ4BlTqhsg,Kimberly,430,2007-02-16,128,69,36,20,"2009, 2008, 2010",3.49,8,10,1,0,1,7,14,16,16,7,2
-i12UoQYdcGRIrBtoyGLzg,Thirtyseven,26,2007-12-31,3,6,1,1,None,3.81,1,0,0,0,0,2,0,2,2,2,0
FMcWFn7G8sND6KSI2lEPwQ,Kathleen,18,2007-04-10,1,1,0,0,None,3.28,0,1,0,0,0,0,0,1,1,2,0
ef2Ii7U2fymNdccCdFulEQ,Andrea,120,2007-10-02,31,17,23,5,"2008, 2010, 2009, 2011",3.57,4,2,0,2,0,4,6,7,7,2,1
rcU7ysY41qGppbw4pQgjqg,Damien,1675,2007-06-30,11842,5172,9675,705,"2017, 2008, 2010, 2013, 2014, 2015, 2011, 2016, 2009, 2007, 2012",3.84,819,81,89,102,87,882,2612,1242,1242,396,183
n0_xeyK-qvPyxwWialfnmA,Mikey,25,2007-04-18,513,237,505,1,None,4.75,6,0,0,0,0,1,1,5,5,2,0
SNWx1LqEHNxCKBv_LIDgKg,Pete,50,2007-12-26,5,8,5,1,None,4.16,3,0,0,0,0,0,1,1,1,1,0
CUBiHzxEFABkquea3uCTtQ,Christina,13,2007-08-23,0,1,0,1,None,3.92,1,0,0,0,0,0,0,0,0,0,0
ASl2145t2TdysMic0pgizg,Terri,19,2007-12-03,17,6,1,0,None,2.75,0,0,0,0,0,1,1,0,0,0,0
4c476nX33LrEFvtNToF4Ow,Bora,614,2007-04-14,2162,1697,2082,197,"2007, 2009, 2014, 2013, 2011, 2012, 2008, 2010",4.09,1342,129,100,158,44,639,1158,1644,1644,470,206
NOUfyJW-BAo_-Cbfo8edww,Lolia,2363,2007-05-13,98208,25724,97378,573,"2007, 2009, 2008",3.62,23173,2062,3740,2358,1358,4656,10789,23128,23128,6814,12655
DlPfMsgapJc6Fo7Ls3VRvA,Calvin,34,2007-08-30,5,1,0,0,None,4.65,0,1,0,0,0,0,0,0,0,0,0
M5HJ2cuAYSyHkv1U1anmWw,Kwikster,35,2007-09-04,47,4,3,0,None,3.93,0,0,0,0,0,1,0,0,0,0,0
JW10uuVt2W4J0cbsnM6PxQ,Mika,167,2007-02-09,33,35,34,13,"2007, 2008, 2009",3.66,6,1,2,3,0,7,16,28,28,9,3
wMzLdLEBvyEJelYQRjkvzQ,Spencer,49,2007-08-19,26,11,18,3,None,3.91,1,2,0,1,0,0,4,3,3,1,1
3waAzlRDoIaQsuVWRFWXbQ,Eric,97,2007-07-18,37,13,3,20,"2010, 2009",3.81,8,3,1,0,0,0,2,6,6,7,0
Z6uazHBJnQA_p5JfQe-qdg,David,122,2007-03-26,7,18,6,4,None,3.9,1,0,0,0,0,0,1,1,1,3,0
ErOPiqpGl3zWFe95sRsXnA,Brynna,49,2007-12-20,5,2,1,4,None,3.78,0,0,0,0,0,2,0,1,1,0,0
bixlaLjBNkhxYKjpa45mzw,Andrea,285,2007-08-08,56,14,63,49,"2009, 2016, 2011, 2014, 2012, 2017, 2013, 2015, 2010",3.25,29,10,2,10,2,44,36,53,53,21,4
FBNa0aMGAZzZZ6twq7YA-w,Joan,150,2007-06-20,774,1291,1155,27,"2008, 2009, 2007",3.55,184,18,10,20,7,119,241,218,218,26,7
wUPlUY9dXtaodfMgjzS7wg,Leo,14,2007-04-12,0,0,0,0,None,4.47,0,0,0,0,0,0,0,0,0,0,0
Zlh8Ntdp6NM4h770hy_seQ,Pam,37,2007-03-04,4,2,1,1,None,3.65,0,0,0,0,0,1,1,1,1,0,0
GbqDRyn7y0g5mAuO4fM3CQ,Vivian,12,2007-06-06,56,1,5,0,None,4.0,0,0,0,0,0,1,0,0,0,0,0
5Z9oUYRAn-LiMyn89IbcAQ,iren,2,2007-01-08,0,1,0,1,None,5.0,0,0,0,1,0,0,0,0,0,0,0
Wa0AYWoTR-DI1Wew9_tFJw,Joy,14,2007-12-02,0,0,0,1,None,4.71,0,0,0,0,0,0,0,1,1,1,0
cST8Zaw_m73cMYPYA1m1cA,Heather,1000,2007-09-19,380,264,417,120,"2012, 2015, 2011, 2014, 2010, 2013",4.45,234,35,14,11,10,80,296,430,430,247,33
BYQvHlHVbLqSoFRtOYr6sQ,Lorajean,38,2007-05-30,0,0,1,2,None,4.29,3,0,0,1,0,0,0,2,2,0,0
Iwg7LCzefr2ZfmpJizBNog,Jennifer,123,2007-12-06,46,10,7,17,2017,3.86,7,2,1,1,0,5,7,7,7,6,2
UrmiwFKoCqG88EZ0MI-BbQ,Xander,116,2007-06-23,25,39,16,9,2010,4.0,8,3,2,1,3,9,26,20,20,6,3
sFZwRMFDOHTzt9CyCvmj9w,A,49,2007-03-05,2,3,1,3,None,3.76,0,0,0,0,0,4,3,1,1,2,0
7XhGV8Yzs8JdI-gOarDamw,Ross,43,2007-07-25,1,0,0,0,None,3.39,0,0,0,0,0,0,1,0,0,0,0
NUec50BelWOvxPeyTplseA,Eric,97,2007-07-30,49,2,1,10,None,4.99,0,0,0,0,0,3,7,0,0,2,4
iRVmJKrplEgUkZ2qfA4evw,Irene,79,2007-07-11,13,8,4,18,"2015, 2016, 2017",3.33,6,0,1,2,0,13,8,18,18,6,1
mmgiD9RKnAasJorjSqmpNA,Vivian,369,2007-06-22,167,163,145,133,"2011, 2009, 2008, 2007, 2010",3.31,181,15,7,28,17,40,49,153,153,56,20
tERVqZ3B59ikgbviKrWmRg,Eddie,102,2007-11-29,6,13,1,2,"2008, 2009",3.59,0,3,0,0,0,1,4,1,1,1,1
NiGMt9PrXpgg1pkIQt4SNg,Brian,82,2007-01-18,5,1,1,1,None,3.63,0,1,0,0,0,0,0,1,1,0,0
5hwj7sIw2FC8yrS90Qjrgg,LuCy,468,2007-03-28,120,71,54,32,"2013, 2014",3.76,29,17,4,4,2,39,47,26,26,18,8
Nytcy49LjUp37oI511SAQQ,gloria,4,2007-05-08,0,0,0,1,None,5.0,0,0,0,0,0,0,0,0,0,0,0
6vJJzF9BLmNSEVBtE8-Rcw,Dee,102,2007-11-24,6,5,3,17,None,3.88,48,6,0,2,0,16,14,23,23,7,2
OzTc-I9XtnaG3396u_yY6A,Neal,8,2007-11-04,52,41,40,1,None,3.67,2,0,1,0,0,1,0,2,2,0,0
rAr-twN4DRukoEoeFc8EnA,S,76,2007-04-04,0,1,0,6,None,3.71,0,1,1,0,1,1,7,8,8,2,0
PaqEhz8TvD-fhr2DWw0stw,S,50,2007-01-18,15,2,1,1,None,4.51,0,2,0,0,0,0,0,0,0,2,0
N8EM9-kl0jRB9rbpa8xpug,Elizabeth,55,2007-04-08,2,0,1,5,None,4.02,0,1,0,0,0,1,1,6,6,1,0
ObsY2Km1zgeI-9XFytYcTQ,Gina,53,2007-09-15,68,9,3,2,None,3.64,2,1,0,0,0,1,1,3,3,0,1
kfNmEbObLCTGBZBRR96iZA,Gracie,117,2007-12-28,148,138,19,6,None,3.62,31,2,8,3,0,10,21,30,30,6,6
ici3oKYS3WiaYMCB6x_zNw,sparkle,60,2007-08-14,12,1,0,1,None,3.41,0,1,0,0,0,0,0,1,1,0,0
W1L6G67vfGkj7UqKk9fOAQ,marco,1,2007-08-15,0,0,0,0,None,2.0,0,0,0,0,0,0,0,0,0,0,0
uW7jDGql353pH433OEYMNQ,Maria,4,2007-07-04,8,5,1,3,None,4.5,0,0,0,0,0,1,0,1,1,0,0
pXe8Lj3heMHUEdVW4cMo_A,Enrique,3,2007-06-28,1,0,0,0,None,4.0,0,0,0,0,0,0,0,0,0,0,0
3OKTEsU2TqhPDbdlwlsjYw,Julie,112,2007-09-25,8,5,2,4,None,2.88,0,1,0,0,0,1,2,1,1,0,0
40VJd8V4sA8b3_7exDwWjg,Jason,133,2007-07-21,27,5,6,8,None,4.5,0,0,0,0,0,1,5,2,2,3,0
b8RcRN0qLlb_EXeYPI-tZA,David,48,2007-09-11,20,2,0,1,None,4.45,0,0,0,0,0,0,2,0,0,1,0
GvDhCoRjuO1wYMB71xQ47A,Andrew,95,2007-11-06,9,5,2,18,"2017, 2016, 2015",3.8,1,0,0,0,0,3,3,11,11,4,2
R4I5x03IW-XQ5ZRfxVsvsQ,Seth,43,2007-10-28,22,18,1,6,None,3.6,3,0,0,0,0,2,1,2,2,2,0
glpCBRUscfCqKcgEOqfccA,Joe,1,2007-10-18,0,0,0,0,None,3.0,0,0,0,0,0,0,0,0,0,0,0
40MywB-9aaAPmqRkThlaWw,Scotty,1139,2007-02-04,1216,1203,1207,193,"2012, 2011, 2013, 2010, 2008, 2007, 2014, 2009",3.79,935,115,55,130,28,519,921,1319,1319,307,230
_O6ypcPGe1-VRomxQYQxJg,Rachel,32,2007-09-15,48,6,1,3,None,4.0,0,1,0,0,0,2,0,2,2,1,0
P9nEsIV8U6iDbpmHFhY00w,Jon,136,2007-05-03,21,3,1,3,None,3.13,0,0,0,0,0,6,2,0,0,0,0
fAE2b4aTdADrZGFHp9UOZQ,Tim,418,2007-09-14,567,432,439,28,"2017, 2011, 2012, 2016, 2013, 2014, 2015, 2010, 2009",3.83,67,22,23,11,3,98,200,125,125,30,29
G7DWNPXa8JtrutxZxz-oqQ,Judy,131,2007-09-28,320,280,264,4,None,3.73,3,1,0,0,0,6,13,17,17,4,0
pTfg4pz-AVSGw0kfRUYWpQ,Jack,41,2007-04-16,0,0,0,0,None,3.59,0,0,0,0,0,0,0,0,0,1,0
vN231FkU-wwJo4PqdtcGlA,Prettypinkponies,74,2007-10-18,114,14,119,15,None,4.53,4,0,1,1,0,2,6,4,4,2,1
gANm25Z7Luz8Cye7urhaWA,shelby,2,2007-05-10,3,0,0,0,None,5.0,0,0,0,0,0,0,0,0,0,0,0
RUaKQ3BhmSSKDN90bj4x0w,Christina,33,2007-10-14,1,0,0,1,None,3.94,0,1,0,0,0,0,0,0,0,0,0
sOmkmc8qTKAJUFtS_d3nPQ,Jaime,3,2007-11-06,0,0,0,0,None,2.67,0,0,0,0,0,0,0,0,0,0,0
oLTM5oPtHKdu32Ppp78cPQ,Jeff,27,2007-05-03,5,2,0,2,None,3.93,0,1,0,0,0,4,1,1,1,1,0
yzUOg3R8EvMXEgZLTQa9Eg,Harvey,8,2007-08-22,0,1,0,0,None,3.5,0,0,0,0,0,0,0,0,0,0,0
07P1uILTvA5cC6cOWYTApA,Sarah,37,2007-10-29,6,5,7,1,None,2.9,3,0,0,0,0,1,2,1,1,0,0
7Uzi_1wXyNAwM5790xilZg,Christian,387,2007-08-17,317,248,51,27,"2011, 2009, 2010, 2008",3.91,46,5,1,5,2,53,63,82,82,10,7
5M8_pfADNdDBaUJsbvvfOg,avery,12,2007-05-20,0,0,0,0,None,3.33,0,0,0,0,0,0,1,0,0,0,0
4PIcs3X-Ro_KoczDJ3y4ZQ,Charmaine,609,2007-09-22,447,519,374,78,"2012, 2014, 2009, 2011, 2016, 2013, 2010, 2017, 2008, 2015, 2007",3.76,319,21,9,20,10,28,127,292,292,68,147
xUcV0ksAXkk7uuIaIsZ3-A,Ana,507,2007-05-28,152,85,41,33,"2012, 2011, 2014, 2016, 2013, 2010, 2015, 2017",3.8,9,3,0,1,1,14,20,20,20,18,2
TL8ym5aD9MBMQJiEGTCB3g,David,80,2007-04-20,161,76,49,5,None,3.81,2,1,0,1,0,8,5,4,4,1,0
b7TusO1FVOlDdVnOUyoHeg,Mason,11,2007-02-10,3,1,2,0,None,4.55,0,0,0,0,0,0,0,0,0,0,0
m3aGezaGuD8C6Fx5bfCiqw,Rockstar Aaron,14,2007-11-21,18,0,2,1,None,4.53,0,0,0,0,0,0,1,0,0,0,1
qDTx7r2Z-5WjvHB38cvh2g,Melissa,39,2007-05-13,93,12,32,0,None,4.33,0,1,0,0,0,1,3,0,0,0,0
2kt94dpz9p1yW4AX3YCsnA,Brad,147,2007-08-07,38,14,14,2,None,4.17,0,0,0,0,0,0,3,2,2,2,0
ZkOmb0VTGQRQEWhhvBn0Zw,Jess,34,2007-07-13,4,6,1,2,None,4.37,0,1,0,1,0,0,0,1,1,1,0
Zh9Bhp4dKUBzaxIqUJO0Mg,Kien,155,2007-05-18,19,19,16,2,None,3.9,2,2,0,0,0,3,6,8,8,3,0
Pelb_-BXforRYLsT_24TeQ,Phil,119,2007-05-28,142,138,135,11,"2008, 2009",3.45,27,8,1,0,1,18,26,46,46,6,0
MvcaAMB-zG4-BkRSC3V9tA,Adrianna,3,2007-10-15,0,1,0,1,None,2.33,0,0,0,0,0,0,0,0,0,0,0
6TBYRdA26VgitScNHRZCyA,Inga,235,2007-03-30,17,24,25,17,"2008, 2010, 2011",4.31,12,4,0,6,3,14,11,47,47,8,8
sCbVlJODbG5Up6PIDc0j7w,Danielle,63,2007-06-27,73,88,77,49,"2008, 2009",3.63,75,10,3,18,1,30,23,63,63,9,12
EWhxJ6H2VuuF84n9B53Bgw,Roxanne,14,2007-11-21,0,0,0,1,None,3.07,0,0,0,0,0,0,0,0,0,0,0
s_ZxGiaQrhrLh-dQjbDCqw,Julia,39,2007-09-04,14,19,11,2,None,4.29,2,1,0,0,0,1,3,0,0,0,0
25hM85L0WQbPYmqGMOojww,Mike,239,2007-10-11,0,0,1,2,2017,3.37,2,1,0,0,0,5,10,12,12,0,0
jvKwkYw4eUapyC3IjB1PeA,Jess,65,2007-07-23,71,7,6,2,None,3.61,1,1,0,0,0,1,1,2,2,1,1
ydNRRZrATh99osddko5Bog,gEe,105,2007-07-11,21,92,11,14,None,3.23,34,4,0,4,0,19,22,28,28,6,2
JLMf3kbhHk7g-us7BIUSEQ,jonathan,125,2007-10-05,127,50,83,6,"2009, 2010, 2008",3.52,0,4,0,1,1,6,2,14,14,5,0
pLEQ2P9HF0EjX3hSUXBuYQ,Cam,256,2007-06-29,14,30,14,32,"2009, 2008",3.47,52,19,6,13,0,40,51,84,84,13,2
cb8SsULgHbPCeaFaKoW3Og,Matthew,14,2007-06-20,14,0,0,3,None,4.94,0,0,0,0,0,0,0,0,0,0,0
hSu_2g4nAUamVUhn9_yLiw,Tim,43,2007-01-15,0,0,0,0,None,3.93,0,0,0,0,0,0,1,1,1,0,0
ffBI2zuUdKzQOISUmWUGtQ,JaJane,25,2007-05-23,69,36,32,0,None,3.65,0,0,0,0,0,0,0,2,2,0,0
quLKbmd72rWwPbpV7RETxg,Jon,2,2007-01-02,0,0,0,0,None,4.5,0,0,0,0,0,0,0,0,0,0,0
JsqIuIxB1lV8cgZlWaC7Jw,Masako,43,2007-05-11,27,7,2,1,None,4.34,0,0,0,1,0,0,3,2,2,0,0
e3NRg6QuAJJmVOEBBTzehA,Jim,7,2007-08-20,0,0,0,0,None,3.71,0,0,0,0,0,0,0,0,0,0,0
nLzTX0cRlTNj87qLTm6j7A,Jim,181,2007-07-08,34,14,10,1,None,3.52,1,1,0,0,0,1,2,3,3,1,0
Njr-4deTIXPvXfKHaXn_0A,Tiffany,374,2007-05-02,235,162,274,58,"2012, 2009, 2010, 2011, 2008",4.05,64,9,4,12,7,35,41,79,79,17,5
RxQZaTfbF3H6vB1GmN3BMQ,Quyen,32,2007-01-13,171,47,82,1,None,4.57,0,0,0,0,1,0,5,2,2,0,0
iTbf7W2-4nRiOasJeNKDNw,Sven,2,2007-08-01,0,0,0,0,None,1.0,0,0,0,0,0,0,0,0,0,0,0
SsW48-bgdICAdXeez4JnQA,Carl,63,2007-01-20,4,6,1,4,None,4.33,1,2,0,1,0,1,2,1,1,0,0
g0ox5Gs9atVFJyaON7cCfA,Peter,77,2007-04-19,0,0,0,9,None,3.18,3,1,0,3,0,14,32,14,14,4,10
8zp4gAptFQbmJTHszbntLQ,Jess,149,2007-12-12,1169,777,1045,28,"2009, 2010, 2008",3.1,66,7,6,13,5,48,78,61,61,33,10
HAXVmc7A9DO5d2lJHiOMuQ,Aaron,12,2007-10-04,1,1,1,2,None,4.62,0,0,0,0,0,0,1,1,1,0,0
J7JnMl6aOa0VpArfIxGXFQ,Jennifer,5,2007-04-01,0,0,0,0,None,5.0,0,0,0,0,0,1,0,0,0,0,0
A1z6jcf3tbT0p0LKEiGS_Q,J,239,2007-01-18,29,17,10,10,None,3.82,16,2,1,6,0,8,8,13,13,2,3
U1Qs39YuasnKCUayrmPSTA,Andrew,234,2007-09-27,243,106,104,2,None,3.64,1,1,0,0,0,2,5,1,1,2,1
X1VcT0prFFFJ214_36fQMw,melissa,14,2007-06-07,1,0,0,0,None,3.67,0,0,0,0,0,0,1,0,0,1,3
4x9ldxrTHwX8MOxHvrovcQ,Je,28,2007-08-05,0,0,0,0,None,3.82,0,0,0,0,0,0,0,0,0,0,0
s2Q41hPq6FRC3pvfp5T4RA,Robley,52,2007-05-21,20,1,1,5,None,3.11,2,1,0,0,0,0,1,0,0,0,0
IDhcaHM7KG4EDmWf9b3c0A,Jennifer,1045,2007-06-11,620,439,546,69,"2014, 2013, 2009, 2010, 2015, 2007, 2017, 2012, 2016, 2011, 2008",4.11,123,21,6,6,6,79,193,211,211,45,11
kSfj8tii1tw8bH1OYmb-wg,Local,236,2007-04-23,620,178,319,90,None,3.73,62,17,6,5,13,51,150,95,95,106,5
cUDq63zesWrM7ZBNNDrsQQ,Randall,7,2007-12-05,3,0,0,1,None,5.0,0,0,0,0,0,0,0,0,0,0,0
-c9G-JHNqrPY0_UU9j7BJA,Stephen,459,2007-07-23,632,37,9,30,"2016, 2013, 2011, 2015, 2014, 2012",3.74,16,5,6,0,1,16,38,26,26,20,3
jjHcf6XWMU7LmOEeUc9dqA,Joey,85,2007-02-22,34,48,14,11,None,3.67,11,10,2,1,0,8,6,7,7,7,0
3tcUVD0T1lqDquvVhl-_xA,Jenny,86,2007-01-05,8,13,4,5,2007,3.36,4,0,0,3,0,2,1,5,5,0,0
YfBqTLEW_INhD2p61srfFg,Mike,13,2007-07-14,7,1,2,0,None,3.2,0,0,0,0,0,0,1,0,0,1,0
-BUKaLqyvclnMswu2C9vng,Alex,58,2007-03-26,11,6,15,2,None,4.19,6,0,0,0,0,2,5,6,6,0,0
YeepO01bWqXQe0w1xr8VZg,Sin,110,2007-06-08,4,4,7,0,None,3.13,0,0,0,0,0,2,3,0,0,2,0
RpR35qiwhy45H-uSgAR8bw,Arlene,18,2007-09-04,180,42,23,4,None,3.9,2,1,1,0,0,0,2,4,4,3,0
cSD_BfPu3JdoINyzH8Koaw,Beau,8,2007-11-14,0,0,0,0,None,2.91,0,0,0,0,0,0,0,0,0,0,0
pI44KNBxtO_BeYM8KVx9BQ,Liz,479,2007-04-26,1443,1194,1238,152,"2010, 2012, 2008, 2013, 2011, 2009",3.41,1091,57,54,105,12,321,620,768,768,230,66
4oUYumByiuVBNzUUDvLcZQ,Mike,148,2007-06-17,187,116,72,10,None,3.48,6,1,0,1,1,14,17,14,14,5,8
Q2Km0ydJzHJWKUumH_dNHg,Nick,66,2007-05-25,41,31,44,5,None,3.79,2,1,1,1,0,6,3,7,7,2,1
MsYcZwOjaMv7YFqzzny8ng,Van,33,2007-12-14,18,3,15,3,None,3.43,1,1,0,0,0,0,2,2,2,1,0
DHLmWEUP6gdfzj-_H7m2-g,Ros,15,2007-09-23,70,36,35,4,None,4.55,3,0,0,0,0,0,3,5,5,0,0
yamCDZmpEdv3Wi9L79_FdQ,Mary,116,2007-08-27,15,3,2,9,2017,3.32,3,0,0,1,0,2,3,7,7,1,0
pjyiGFo8GNQ4YvcukxbOug,Max,125,2007-08-26,28,46,10,16,"2014, 2008, 2007, 2013",3.55,22,4,1,2,0,24,32,36,36,9,3
wLa8DpwvhGGLe9oAif8IfA,June,20,2007-01-05,1,0,0,0,None,4.1,0,0,0,0,0,0,2,1,1,0,0
FMzbB52Eh1wH7NYiwnlNnQ,Yelpy,95,2007-09-14,29,7,14,11,None,3.23,0,3,1,0,0,3,4,4,4,0,3
E5PFwsTIoTh0tavERW72tg,SilGuy,37,2007-03-30,1,1,1,1,None,3.71,0,0,0,0,0,1,0,0,0,0,0
6XLyyv-hQ6TQmu6Rtt49yA,Bryan,47,2007-04-02,10,1,0,1,None,3.4,0,0,0,0,0,2,2,2,2,0,0
hXv_8LrL6yqriayLDfXwIA,Sharon,262,2007-05-08,12,15,4,13,None,3.13,10,2,1,5,2,5,11,11,11,2,8
8PQ76yALAc6C8HtsxXc8NA,A,84,2007-10-25,61,29,18,2,None,3.28,1,1,0,0,0,0,3,1,1,0,0
khvn7hhX08g33N5niO676w,Bleep,788,2007-01-19,1116,511,1236,21,None,4.05,143,10,7,23,5,52,178,268,268,42,96
Dlv1DkP7HjhXpNiwKhl1cw,Danny,20,2007-06-12,4,4,3,0,None,4.25,0,0,0,0,0,1,0,0,0,0,0
Ppm_nqivtMfP4eFIvOm19A,Sus...,252,2007-02-19,14692,9485,15943,36,"2009, 2011, 2010, 2008",3.83,390,12,20,70,12,88,407,433,433,84,14
4FcfCT4WFGdNI_E09htphQ,Diana,418,2007-01-12,174,146,135,17,"2015, 2017, 2012, 2010, 2016, 2013, 2008, 2014, 2011, 2009",3.74,61,7,9,3,2,34,68,130,130,25,26
J2L0Ye_6zY-oB7vnBgn1kA,Timothy,76,2007-03-12,30,8,13,2,"2011, 2012",3.72,3,0,0,0,0,7,4,4,4,2,1
7KVFZGqUq0d66OVpdnJNlw,Christina,120,2007-06-29,28,9,2,4,"2008, 2009",3.54,4,1,0,0,0,3,6,5,5,3,0
giedJnthMXJXCkGrEvsH6g,Urban,64,2007-07-11,1,0,0,1,None,4.01,0,0,0,0,0,1,2,0,0,1,0
yQboFeVUWDKuV7Dx7e4ecw,Scott,126,2007-12-16,37,0,3,4,None,3.72,2,5,1,0,0,4,0,4,4,0,0
JWfAzJHW_HVT4Ol-CqW7mw,Mary,5,2007-11-01,0,0,0,0,None,3.4,0,0,0,0,0,0,0,0,0,0,0
cdekM2eLHGvrEbzqfwPsAw,Apple,136,2007-03-10,1345,34,34,3,None,3.81,1,0,0,0,0,1,1,1,1,1,0
YIM2KqBCF256EsMzYQitsA,Juan,13,2007-07-02,164,8,15,1,None,3.15,0,0,0,0,0,1,1,1,1,1,0
sFLiXkPYYYvIJVwzafqQYg,Daniel,93,2007-09-11,14,19,13,2,"2015, 2014",3.52,2,1,0,0,0,1,2,2,2,1,0
9IbtjnhH01duiWPpVhFXWw,Jefferson,184,2007-06-24,20,17,9,17,"2012, 2014, 2013",4.15,13,11,3,4,0,20,20,24,24,18,5
c8YOUQ1Lz645fopLMNEAnw,Lee,569,2007-06-25,2554,659,752,50,"2011, 2008, 2010",4.02,294,26,19,58,12,79,353,483,483,73,47
abcHXT-6HatHmKmBdwkgyg,JOE,65,2007-07-17,5,2,3,1,None,3.05,0,0,0,0,0,1,1,1,1,0,0
pe-FcsKPpkMF9S6VTUf8kQ,Paul,7,2007-05-08,0,1,0,0,None,4.29,0,0,0,0,0,1,0,0,0,0,0
Fb1axXgQVqkMsqn92atYyQ,Vinod,16,2007-11-09,4,1,0,1,None,3.94,0,0,0,0,0,0,1,0,0,0,0
BJEcNyOyZe263kdmowxe6Q,David,29,2007-08-06,5,3,2,0,None,3.31,0,0,0,0,0,0,0,0,0,0,0
8sLdLHW65eSgyNyjbdJFWQ,Gillian,254,2007-10-15,18,13,4,6,"2013, 2016, 2012, 2014, 2015",3.85,25,5,1,0,0,28,59,30,30,20,2
vO8nLuxU43QLn-kbeAdpWg,Dawn,77,2007-10-14,3,10,4,0,2013,3.84,2,0,1,0,0,6,4,4,4,1,0
aG6Q_IKp5qLu0uV7LHaR_A,Shirley,720,2007-10-30,974,340,354,106,"2012, 2009, 2013, 2011, 2010",3.73,91,12,6,9,4,49,184,193,193,89,70
SQf7KyafUN4CjLyQkwRqGQ,Amit,34,2007-04-11,508,12,22,1,None,3.17,1,0,0,0,0,0,0,0,0,0,0
EIC58glsp3U0BEN9ekdRzw,A,4,2007-10-01,2,2,1,0,None,3.71,0,0,0,0,0,0,1,0,0,0,0
bRa5YawpNlrClzbwGy1hCw,Jack,351,2007-05-11,385,2150,1873,38,"2010, 2011, 2015, 2014, 2007, 2016, 2008, 2012, 2013, 2009, 2017",4.03,190,13,7,9,3,75,295,463,463,98,43
aMH9SquC82vSeKRGFtrP9w,saurabh,3,2007-11-24,0,0,0,0,None,1.0,0,0,0,0,0,0,0,0,0,0,0
j0PgAG7mEigWhNfbu53lsg,Berto,18,2007-04-09,13,2,0,0,None,3.05,0,1,0,0,0,1,0,0,0,0,0
F3AYZfDJ0Oc1T9QhOhAURQ,Mandy,353,2007-06-29,356,64,56,9,"2011, 2012, 2016, 2017, 2010",3.87,4,0,0,2,1,5,11,17,17,6,3
6gZBMMTC_47cDL_LDkr3ng,Danny,63,2007-02-12,9,10,2,2,None,3.12,2,0,0,0,0,4,0,0,0,0,0
7f74viXQlVhKbKYElyGG4A,Dennis,213,2007-05-11,62,37,133,11,None,3.37,11,3,3,2,0,29,30,28,28,8,2
qudykPA1fGM9bs-6lO_vAw,Joe,270,2007-02-12,63,57,35,16,None,3.54,24,2,0,0,0,8,20,22,22,11,1
O88EauTjV5nKdzG7vXXb2A,Anthony,168,2007-02-19,316,81,98,7,None,3.57,2,0,0,0,0,2,3,2,2,1,0
YH29BjN9UM2sj-jSihKtPw,Bess,378,2007-03-28,387,353,220,20,"2007, 2011, 2008, 2012, 2009, 2013",3.82,23,10,0,2,3,19,23,16,16,5,0
C-uhHcfU7Iat9NEx726_fQ,Jon,449,2007-11-01,26,35,8,33,"2014, 2012, 2008, 2010, 2013, 2009, 2015, 2011, 2016",3.66,19,8,2,1,13,13,18,31,31,9,4
wTUYbjtcVQU5WmEEj40OLw,Shona,3,2007-10-04,0,0,0,0,None,3.67,0,0,0,0,0,0,0,0,0,0,0
Jcer-A8KlCLOIpOTwsBH8Q,Gary,51,2007-03-13,8,0,0,0,None,3.92,0,1,0,0,0,0,1,1,1,0,0
u_Cn0KcNrjzun774_dH2cw,Justine,23,2007-09-24,0,0,0,0,None,3.57,0,0,0,0,0,0,1,0,0,0,0
ihWdPen_YoVBTVVHPW152w,Tracy,43,2007-07-09,11,7,13,2,None,3.51,2,0,0,0,0,1,0,3,3,0,0
NuS-xgXvI_pvkhdLV93o9Q,Bill,107,2007-11-20,125,6,10,2,None,3.2,0,0,0,0,0,4,9,2,2,0,3
qGlyQOCe2ZqhznLNEtvC2A,A.,74,2007-03-09,28,8,0,1,None,3.7,1,0,0,1,0,2,3,2,2,0,0
AnfpWsKj7M7x6zcM3nr8aA,Harriet,15,2007-08-03,7,3,5,0,None,3.45,0,0,0,0,0,0,0,0,0,0,0
9-htRqO5iabkAjxR4cRLsA,Marisa,263,2007-03-03,1779,1065,2258,35,"2009, 2008, 2011, 2010, 2012",3.78,30,5,3,5,8,21,76,46,46,18,13
G2JgB98m3L1RC35G3CK5XA,Tate,8,2007-03-08,0,0,0,0,None,4.13,0,0,0,1,0,0,0,0,0,0,0
xwEz0tNx2ruD5gYS_W1Stg,Kim,347,2007-12-30,285,52,110,35,"2015, 2014, 2010, 2008, 2012, 2011, 2013, 2009, 2016",3.35,45,8,2,2,3,31,38,32,32,19,5
VcvOqjBGxJtt5FpjCBCMuQ,Agnes,361,2007-08-20,1,0,2,11,None,3.85,9,3,1,0,0,3,5,7,7,4,0
-hgSbbV_NU2Z4DimdjsfHg,Brian,6,2007-05-22,0,1,0,0,None,4.43,0,0,0,0,0,0,0,0,0,0,0
TFOQIIHa9Zeb-PbFWlwAGQ,Marci,59,2007-02-13,85,35,32,4,None,3.58,0,1,1,0,0,3,8,3,3,0,1
FpIz9PzsTzoAJiJGLi3GzQ,Lydia,414,2007-12-18,606,303,286,24,"2016, 2013, 2015, 2014, 2012, 2017",3.46,42,8,5,1,0,36,94,66,66,70,4
rOzSPSA7UnkM20XkzLYHTw,susan,80,2007-11-19,34,21,16,1,None,4.14,0,0,0,0,0,0,2,1,1,0,0
vMGuMxNMQCKFYo0pCu8R4g,Ben,22,2007-11-14,1,0,0,2,None,4.3,0,0,0,0,0,0,0,1,1,0,0
poXgmj1bWkrmqDENUF_s7g,Mark,42,2007-09-19,154,77,11,2,None,3.7,0,0,0,0,0,2,6,1,1,3,0
rZ24KG6ugxrBOpYoOWyKSQ,vadee,9,2007-08-04,0,0,0,0,None,4.58,0,0,0,0,0,1,1,0,0,0,0
en7_chwI0ELyUFFSJovfKA,Jannie,270,2007-02-04,18,7,6,7,"2015, 2017, 2016",3.22,0,2,0,1,0,3,3,10,10,6,0
zMFJCez3mgtLBne9emi89g,MJ,48,2007-02-04,0,1,0,8,None,4.05,1,1,0,0,0,0,1,0,0,0,0
AUL7s3iY6fBgyUMXMH7Mqw,Yoon,383,2007-09-18,2322,1944,2103,68,"2009, 2011, 2012, 2010",3.9,111,4,17,10,17,50,201,161,161,55,20
pSfeno8ExPHvn8NXca5sfA,Schelly,1103,2007-07-20,20,14,13,50,"2013, 2015, 2014, 2017, 2016",3.61,29,5,2,7,0,12,19,33,33,19,18
35cOznQiCo8pz_NBULvL_w,Remy,122,2007-01-26,63,60,50,17,"2008, 2009, 2007",3.88,9,8,2,6,0,3,9,10,10,9,4
oV267b7IyCS8zF0no6GVkA,Julie,73,2007-03-13,16,3,4,3,None,4.33,0,0,0,0,0,0,3,0,0,0,0
un6Ukka8NKvm-uyw5Gr1MQ,Nicole,144,2007-08-27,2,4,4,5,"2009, 2008, 2007",3.9,10,7,1,1,8,10,11,20,20,2,0
rt7gmCNCALr8bqQPluxeOQ,P,490,2007-05-27,175,5,1,10,None,2.39,5,2,0,0,2,18,16,7,7,13,5
B5pU-Bbb0JFEGDiVNaC_Ng,Bethanie,63,2007-07-21,80,13,11,1,None,4.0,2,1,0,0,0,0,1,1,1,0,0
xjDZnGhK76PQkcVzO3dcWw,Tim,16,2007-07-12,2,5,0,0,None,3.56,0,0,0,0,0,0,0,0,0,0,0
yPE2onfkSnB82ezCEB8_dg,kr,2,2007-03-10,0,0,0,0,None,4.5,0,0,0,0,0,0,0,0,0,0,0
THogS020vAUR9MgF1PeayA,Christopher,27,2007-08-16,0,0,2,2,None,4.04,0,0,0,1,0,1,0,0,0,0,0
EYaUaQubzbINypgaVLn-Sw,Victor,7,2007-12-29,0,0,1,0,None,2.71,0,0,0,0,0,0,0,0,0,0,0
FSVx_X_zlzTthi2cegzUMw,Tricia,32,2007-11-29,0,0,0,0,None,3.5,0,1,0,0,0,1,1,1,1,0,0
2Yg3D3xUNNzmn-SicXZOnA,Mandy,534,2007-11-08,23,14,5,23,"2016, 2013, 2015, 2014, 2012",3.73,11,1,1,3,3,6,29,32,32,15,4
eRvPOtsjkzTjn0f__HaXKQ,Doug,235,2007-12-20,22,5,0,3,"2016, 2017",3.52,1,2,0,0,0,2,4,2,2,2,0
LaNXfiMDjMib2NhK4BE7-Q,Donna,557,2007-05-06,866,626,881,106,"2013, 2012, 2010, 2007, 2009, 2011, 2008",3.92,921,33,19,112,21,216,579,611,611,162,36
OxCvRx2RJ3xoaXHvOTbJjQ,Paul,32,2007-04-24,16,9,0,1,None,4.0,0,1,0,0,0,2,0,0,0,0,1
JBawSAZHPS-P7An6D0-JJQ,Fruta,5,2007-08-14,0,0,0,0,None,3.2,0,0,0,0,0,0,0,0,0,0,0
UugCW88CuYRTqhmz3GtvvQ,Ryan,50,2007-12-07,5,0,0,1,None,4.16,1,1,0,0,0,0,0,1,1,1,0
Zuu4JXAsR_3i7L6ssIVQFg,Mary Grace,19,2007-05-23,7,4,7,1,None,4.0,2,1,0,0,0,1,2,2,2,0,2
CdJJXzgMbg1yGGLLBeIs_Q,Rene,23,2007-08-31,0,1,0,1,None,3.46,1,0,0,1,0,1,0,1,1,0,0
OE2oJqjGcU-em1tAGYUlQw,Jay,4,2007-07-20,0,0,0,0,None,5.0,0,0,0,0,0,0,0,0,0,0,0
E3AaiyYAFV9mvn7uH7jZ7g,AlmostSarah,20,2007-06-18,0,0,0,0,None,3.52,0,0,0,0,0,1,0,0,0,0,0
ZOMeGiZqtuXJIKlEDuYloQ,Thomas,344,2007-08-02,120,66,47,13,"2013, 2011, 2012, 2009, 2010",4.06,7,3,1,1,3,11,13,20,20,8,0
nbmKkj3S4KvWrMd7EPPoPw,Danna,30,2007-05-10,0,0,0,1,None,4.31,0,0,0,0,0,0,0,1,1,1,0
rFrvxYAWK72IAYv7oltB1w,dani,8,2007-01-18,0,0,0,0,None,3.75,0,0,0,0,0,0,0,0,0,0,0
bGyTeVdJhsiD5cyZ5oATjg,Matt,192,2007-02-25,329,26,18,8,None,3.82,4,2,0,0,0,6,5,10,10,7,1
s01iyPdDNq31Pk0UUeyOgA,kate,8,2007-01-10,2,0,0,0,None,4.0,0,0,0,0,0,0,0,0,0,0,0
Ozj3SwKrl7S5Vw9bXRQ1Eg,JJ,13,2007-11-22,73,17,3,1,None,2.75,0,0,0,0,0,0,0,0,0,0,0
upmvpx1-gu8q7l9XpWdY5g,micah,154,2007-07-16,36,11,9,6,None,3.73,0,0,0,0,0,2,7,4,4,0,0
fxotu9aTOYzC_pFNV7pbxw,Bella,59,2007-06-14,17,2,4,2,None,4.32,0,0,0,0,0,0,1,1,1,0,1
r7SXTsfxrcCiPYk8ayuGww,Ginger,8,2007-08-21,0,0,0,0,None,4.38,0,0,0,0,0,0,0,0,0,0,0
3JOtnWD6EPuvStO4dFiE2g,Oren,24,2007-09-17,10,0,1,0,None,3.12,0,0,0,0,0,0,0,0,0,0,0
0jQDOstEQECkL9ylX4bwDA,Becky,229,2007-11-27,243,178,239,13,"2009, 2010, 2011",3.74,40,2,2,0,1,9,49,44,44,16,6
bqdwjgxD7VzDmG5gjOdLJw,JoAnn,77,2007-12-02,3,4,0,8,None,4.1,1,0,0,0,0,1,4,1,1,0,2
qG3IiXTAUjH1jUGLS05eFw,Mary,217,2007-08-20,140,2,2,7,None,3.68,1,1,0,0,1,6,2,0,0,2,0
woxoWzgFcDmecEZrsNJh0Q,Alexis,120,2007-10-10,10,8,1,11,"2016, 2015",3.87,12,3,1,1,0,8,7,7,7,1,1
0EZ2Gh2ZHijQH9v7iHzxYw,Steve,44,2007-02-02,0,4,0,1,2007,3.7,0,1,1,0,0,0,2,3,3,0,0
JWgti_adPZywG9SKUbnB-w,Sarah,128,2007-11-12,19,1,1,1,2015,3.59,7,2,0,0,0,4,3,5,5,2,1
zopYqfKx-T_w45JbJ3S4BQ,Jonathan,13,2007-06-18,0,1,0,1,None,3.69,0,0,0,0,0,0,1,0,0,0,0
6XIz71fK1s5SNo1JuPjzMg,Bebe,115,2007-03-29,11,3,0,5,"2008, 2009, 2010",3.77,8,3,1,4,0,3,7,7,7,8,0
sS8FvqVkF7HoT022ptEV3g,Jacquee,855,2007-01-22,45,80,32,75,"2010, 2015, 2014, 2009, 2012, 2011, 2016, 2013",4.12,48,9,9,14,1,31,34,50,50,8,22
1qTPkAobyGYhJeuAgXyCuw,Crispy,11,2007-04-10,0,0,2,0,None,4.33,0,0,0,0,0,0,0,0,0,0,0
fhWLZ5CFl6ZyDCUEsL_YEw,J,111,2007-08-06,0,0,0,3,None,3.92,1,1,0,0,1,0,3,0,0,0,0
hX1q6kFzV0unY1obCqyhNw,Tampa,211,2007-03-12,277,181,21,4,None,3.1,3,0,0,0,0,1,6,1,1,1,0
YmPnZ7uqL9loZN5EvX_mOQ,Vanessa,16,2007-08-25,3,1,0,0,None,3.56,1,0,0,0,0,0,3,1,1,1,2
LR2tj1Dcx3p_R7dy8NLg2A,Roothy,7,2007-11-02,6,3,2,0,None,4.29,0,0,0,0,0,0,0,0,0,0,0
XXEiW14apWi8MZQPgeK5ag,Leilani,115,2007-03-27,86,40,36,12,"2011, 2012, 2008, 2007",3.73,19,1,1,7,0,14,16,10,10,5,3
F_G-E35q20USHFseLt1ZKw,Anand,179,2007-07-23,40,6,8,17,"2016, 2015, 2013, 2014",3.55,3,7,2,0,0,7,7,9,9,1,1
U6DUQUsz6DGos7hUBHUnTQ,Meghan,26,2007-04-30,0,0,0,0,None,3.52,0,0,0,0,0,0,0,0,0,0,0
mlmTd10PyuuJMtNRLVtWdw,Craig,10,2007-10-12,9,3,6,0,None,3.91,0,0,0,0,0,0,0,0,0,0,0
AlBpkGSc9rx9sqUHuz1KtQ,Jen,11,2007-03-17,2,1,0,0,None,4.55,0,0,0,0,0,1,2,0,0,0,0
F7oysaWequH7GB5f_pY2iA,Douglas,236,2007-01-28,70,7,3,6,None,4.08,3,2,0,0,0,21,61,24,24,3,1
sXX8TZdz6tDFBTx7f3mefg,Catrina,37,2007-04-26,37,13,33,4,None,3.85,2,1,1,1,0,4,6,1,1,1,2
rhN1mV0TPs82Cv0mVK-Zhg,Jackie,164,2007-10-31,103,50,12,18,None,3.18,2,2,0,0,0,3,6,4,4,5,2
c3iNNzZFgNl1yrjnJqStAg,Mike,7,2007-10-23,0,0,0,0,None,4.57,0,0,1,0,0,0,0,0,0,0,0
m6R1PPXktBcCL62J7iceBw,Terance,89,2007-03-18,6,1,0,3,None,3.15,0,2,0,0,0,0,1,0,0,1,0
kEEU8SJRDsoNNveE-h_iAA,Brett,3,2007-03-30,1,1,0,0,None,5.0,0,0,0,0,0,0,0,0,0,0,0
PYQjaQn2oD7NY0FtIWYhAw,Paul,3,2007-03-22,356,29,393,0,None,5.0,0,0,0,0,0,6,19,1,1,1,0
dTL3jScIU8JzvuIWTU3WFw,MAY,133,2007-12-13,21,3,3,51,None,4.43,125,6,7,34,1,69,66,123,123,26,25
50J_jzTVVQ56AbAZRxnXNg,Tiff,267,2007-10-27,153,39,7,14,"2008, 2009",3.58,6,4,2,1,0,12,15,9,9,3,1
bqOVMllkpqMWHLAJL4NBug,Celeste,253,2007-12-15,91,55,17,17,"2010, 2014, 2013, 2008, 2011, 2012, 2009",3.92,35,4,4,5,0,19,23,50,50,7,4
AOad1oj8iR7mdDAjYnnaLg,Albert,191,2007-01-23,321,299,300,6,"2011, 2008, 2007, 2010, 2009",3.69,12,2,1,7,0,19,26,27,27,5,2
51SzvpuYXsIXdc13w0jcEQ,Lisa,335,2007-11-23,121,158,45,24,"2009, 2013, 2010, 2011, 2012, 2008",3.7,10,2,4,0,3,16,12,15,15,7,2
8FRy4ITXuurB5LVeLHAIgQ,Dylan,404,2007-01-12,105,1,3,10,None,3.71,0,1,0,0,0,1,2,2,2,1,0
eHJq0y1ZceDUpb4BjUq6aw,Natalie,122,2007-04-23,5,11,5,5,"2009, 2008, 2010",3.51,3,5,0,2,0,6,3,8,8,1,0
tije1TuSMtQu20HwviP9WA,Travis,55,2007-10-22,0,2,0,0,None,3.35,1,0,1,0,0,0,0,2,2,0,0
lVSqGTobRsqD4nNkcUxjIQ,Jennifer,2,2007-07-07,3,0,0,0,None,3.0,0,0,0,0,0,0,0,0,0,1,0
u-XsE_fedK9pSRK3OCMNAQ,rebecca,52,2007-05-17,3,0,0,1,None,4.63,0,0,0,0,0,0,2,0,0,3,0
UVxY0iyPaqY7s4BSFtt-xA,Wanugee,1928,2007-06-11,7914,1814,7600,463,"2011, 2008, 2012, 2009, 2013, 2010",3.51,3079,242,214,250,127,1313,4102,4421,4421,1373,903
37Ywl8wZouGLjgdscVlWzw,veek,288,2007-06-07,179,194,162,49,"2008, 2015, 2009, 2010, 2011, 2013, 2014, 2012, 2016, 2017",3.9,260,20,3,14,2,65,191,347,347,101,34
5Blp9Sr1aiAfsLVR_KdnMg,Dana,99,2007-05-19,5,1,1,10,None,4.27,0,1,0,2,0,2,2,2,2,1,1
OpXfAiFvy1M9GKCJrYezqA,Amy,336,2007-10-19,62,7,4,17,"2010, 2009",3.75,21,5,1,5,0,10,21,34,34,11,2
EJPBXvEdaodsPQuYBT6low,Bobby,1500,2007-12-18,790,545,591,118,"2015, 2012, 2017, 2009, 2016, 2011, 2010, 2013, 2014",3.87,68,22,13,6,22,126,301,174,174,56,13
QqZ0sDsFJ9KsnLF80AhB0g,B,27,2007-01-25,2,5,2,1,None,3.07,0,0,0,0,0,0,0,0,0,0,0
dyhTHLIf6eWBvU78Y3T06A,Erica,149,2007-06-12,2340,691,2322,41,"2008, 2011, 2010, 2009, 2012, 2007",3.39,122,10,4,10,5,43,95,102,102,57,2
VZdjfp53dguI6xDjz7AQxg,Veronica,898,2007-08-06,1783,1497,1421,55,"2016, 2017",3.75,276,38,43,4,1,84,248,269,269,67,73
D8PJTlkMlwAyDjow3pup_Q,Lexy,249,2007-03-19,27,15,20,13,None,3.65,2,1,0,0,0,1,2,9,9,2,0
Fn7dX66X5HtiTsjUEEzbsA,Corinne,11,2007-04-10,6,0,1,1,None,3.0,0,0,0,3,0,1,2,0,0,0,1
YXNJuWZbAaUWubc-px2cew,Susan,16,2007-07-03,3,3,0,0,None,3.0,0,0,0,0,0,0,0,1,1,0,0
jSS7bjdxTHeEwSuWjJq1EA,Bernard,33,2007-03-01,5,3,3,0,None,3.37,0,0,0,0,0,0,0,0,0,0,0
9RwvRuM-nTCzBd21_bSZMA,Paul,13,2007-10-06,10,0,0,1,None,3.53,0,0,0,0,0,1,2,0,0,0,0
KQF-J9kTyR2exZGNSjQTJg,Ali,73,2007-01-30,75,106,69,20,2007,4.16,7,2,0,2,0,13,15,18,18,6,2
Of-S2cNTOehKAOhGw_Z5Kw,Netta,131,2007-08-12,7,0,3,2,None,3.38,0,2,0,0,0,4,0,1,1,0,0
fevNOCGr19_ZZC6i6NGAPg,Cassie,10,2007-06-28,0,1,0,0,None,3.36,0,0,0,0,0,0,0,1,1,0,0
Yy5pFRFp-YFjqMVeMs8e1w,Paul,11,2007-07-10,0,0,0,0,None,4.25,0,0,0,0,0,0,0,1,1,0,0
bJZg7UEEwyd4YniJnfOCtg,Rachel,101,2007-07-29,5,2,0,2,None,3.96,1,0,0,1,0,0,4,1,1,0,0
zZz5K-zhDBRwWgR3NTkNEg,Brian And Fran,27,2007-09-21,0,0,0,0,None,4.43,0,0,0,0,0,0,0,0,0,0,0
4XpBOUei-QLDrMfvf03wkg,Susan,244,2007-07-23,37,20,11,14,"2010, 2009",3.6,4,4,1,2,0,4,7,2,2,3,2
XaoJklhMTqmAII6DMyLVDw,christine,14,2007-06-10,1,3,1,0,None,5.0,1,1,0,0,0,0,0,1,1,1,0
n-1XY68dyq-JiN5h9C5sIg,Hormaz,21,2007-08-28,2,4,4,0,None,3.91,0,0,0,0,0,0,0,0,0,0,0
jaeStT5rpWrdSA_5MjWelA,Ernesto,35,2007-03-08,3,0,0,2,None,3.19,0,0,0,2,0,1,0,0,0,1,1
kaI0YdEQ9yfs-QQaq7okjQ,Alex,7,2007-05-30,4,3,0,0,None,4.0,0,0,0,0,0,1,0,0,0,0,0
HbABvXFXaHu9r31q8p5CaA,G,3,2007-10-13,0,0,0,0,None,3.67,0,0,0,0,0,0,0,0,0,0,0
i4JiM5CsXEMPechA-G04Fw,Paul,10,2007-08-24,2,1,3,0,None,4.82,0,0,0,0,0,0,1,0,0,1,0
SdGaEbbps4Lf8RuA4au_wQ,Ant,71,2007-12-16,209,75,12,3,None,2.42,0,1,0,0,0,1,6,2,2,5,2
z4zCtbGf-seeT23vR9DizQ,Kelley,79,2007-08-02,11,45,6,10,None,4.14,1,1,2,0,0,1,4,3,3,0,2
2hvRUj7K1HCrPyqicuS7gw,Tahnee,145,2007-06-11,1,0,2,14,None,3.55,4,3,0,1,0,6,2,5,5,4,0
wQ0sfn7h5n99Hhpbyg-TYA,Scott,146,2007-07-09,65,34,1,9,None,2.37,3,6,1,0,0,9,21,4,4,4,0
pAhATDKWea24YJjUlmmTYA,PATRICK,21,2007-02-08,1,0,0,0,None,2.09,0,0,0,0,0,0,0,0,0,0,0
hq0gr77w9VUUPJP3DLVM_A,John,3,2007-08-08,0,0,0,0,None,3.67,0,0,0,0,0,0,0,0,0,0,0
A1W5SsJyxJObiNObKih6ZA,Daniel,87,2007-01-05,0,0,0,6,None,3.75,11,1,0,0,0,3,2,5,5,3,0
LsFQyJ7-rSD8J7qxHuVX9Q,Lauren,46,2007-03-13,6,3,0,1,None,3.61,4,1,0,0,0,0,2,2,2,2,0
CDX0lqjK63DUgtC5g8VsrQ,M,36,2007-11-12,0,6,0,2,None,3.56,1,3,0,0,0,2,6,2,2,3,0
b791Y3WOxuw0DxFB6qsfzg,Allen,15,2007-07-27,0,0,0,0,None,3.6,0,1,0,0,0,1,0,0,0,0,0
zL3ibsmgUSYWCePyM47hCg,BSC,77,2007-01-26,0,1,0,1,None,3.85,3,0,0,0,0,0,0,0,0,0,0
Cb7s74eB-GziGq_UPMjWQw,Susan,20,2007-06-08,0,0,0,0,None,4.39,0,0,0,0,0,0,0,0,0,0,0
eVOV4fIY1hpqAbwToiCSqQ,Alice,150,2007-12-29,79,88,54,5,None,4.07,5,1,0,0,0,5,12,9,9,2,2
GX_UaOZNnS2iekRGDCExkA,Heather,769,2007-08-09,2336,500,381,76,"2012, 2013, 2016, 2015, 2011, 2017, 2014",3.11,79,11,4,3,6,58,129,88,88,150,3
S93JcBM7j33mqTBFO7vdGw,Mary,19,2007-10-11,0,2,0,1,None,3.89,1,1,0,0,0,0,0,1,1,1,0
_-Ep0fSdnsYDGVU3cAP6Jw,Joshua,10,2007-04-01,0,0,0,3,None,3.82,0,0,0,0,0,0,0,1,1,0,0
ay6gGUj61MAUF3Q6OXHtvA,Mona,32,2007-11-29,2,0,1,0,None,4.3,0,0,0,0,0,0,0,0,0,0,0
JVXccW8hc_IkVQzCYaLiFA,Barbara,14,2007-12-30,3,2,0,0,None,4.43,0,0,0,0,0,0,0,1,1,0,0
ZfRzhkUALcfjO_PHSo5LxQ,Patti,18,2007-10-28,0,0,0,1,None,4.28,0,0,0,0,0,0,0,0,0,0,0
gED8SKltmxCzYv26VYDI-Q,Isaac,8,2007-02-20,0,0,0,1,None,4.67,0,0,0,0,0,0,1,0,0,0,1
AeKjIh_iGjPfGWBa7Pe0Zg,Billy,31,2007-05-29,18,11,14,1,None,3.55,1,0,0,0,0,3,2,2,2,0,1
3JzuNeQIZVb2gGIJ9TaMIg,ChenNeeFaulha,8,2007-02-25,0,0,0,0,None,3.75,0,0,0,0,0,0,0,0,0,0,0
b5qwQQncb044AJa3DrBVOg,viet,1,2007-01-22,0,0,0,0,None,5.0,0,0,0,0,0,0,0,0,0,0,0
AjOXGFfe6FPKvOKvGpGniw,Benjamin,5,2007-12-20,0,0,0,0,None,4.6,0,0,0,0,0,0,0,0,0,0,0
TcRbqnOv6Mqfvhsdj57RGA,Asan,12,2007-07-04,1,1,1,1,None,3.17,1,0,0,0,0,1,0,0,0,0,0
58Qf3W0ZJ9-I9b4rwtcM_Q,Theresa,38,2007-09-27,17,5,8,2,None,4.27,1,1,0,0,0,1,0,0,0,0,0
tIldeZKTuc5j4gMxTdCceg,Von,48,2007-05-07,27,20,25,2,None,2.86,0,1,0,1,0,0,0,0,0,0,0
6T9u2jJaZ9E_ZtobKwHNTA,John,8,2007-08-05,0,0,0,1,None,4.5,0,0,0,0,0,0,0,0,0,0,0
wa40Yx8wrZfiRqTgZsdd0g,Melanie,661,2007-04-20,42,8,2,55,"2011, 2012, 2014, 2013",3.61,10,8,4,5,0,31,50,31,31,25,2
D-C3nmOhBH_IOCWQfXLfbg,Kevin,75,2007-12-09,1576,1146,1267,59,2017,4.49,173,9,0,2,0,54,84,253,253,54,193
D4Eznn83MRWUK39n5WI0JA,Kelly,784,2007-08-07,3759,480,891,59,"2008, 2011, 2015, 2012, 2014, 2013, 2017, 2016, 2010",3.41,77,16,14,12,7,77,96,120,120,40,3
Z3arWEP2n25WqitUikybxg,Anna,142,2007-08-30,18,7,2,18,"2014, 2016, 2013, 2015",4.01,6,1,3,0,0,4,11,11,11,11,2
yXamA2ieqS24POt1o_bLHw,Jack,170,2007-04-02,65,10,0,4,None,2.93,0,0,0,0,0,0,4,1,1,1,0
p6_VRzQMYM-JTTpsdBFOeA,Eric,64,2007-07-30,47,24,46,5,2010,3.82,4,4,1,2,0,8,8,6,6,4,0
mkY4jH-4v0TBP2EdhGN0_g,Ric,111,2007-11-27,7,1,3,1,"2017, 2016",4.15,0,2,0,0,0,1,0,0,0,1,0
wAbO2SkJ_faSD7eVHB31jA,Nick,52,2007-05-05,113,99,71,11,None,3.82,3,1,1,1,0,4,8,2,2,1,3
b0CvLydqnhdDa6tsckVu8Q,Tim,28,2007-08-03,1,1,0,0,None,3.5,0,0,0,0,0,0,0,0,0,0,0
CRlIhFoFQZQPw0GAU65YsQ,Johnny,805,2007-04-16,226,138,58,38,"2015, 2012, 2009, 2014, 2013, 2011, 2010, 2016, 2017",4.02,18,4,5,2,6,21,32,63,63,21,8
v2ww9vSaD79fek57cyKXLw,T,15,2007-12-02,0,0,0,0,None,3.47,0,0,0,0,0,2,0,1,1,0,0
FNavgwSdvGYG0DMInUhgmA,Jodante,14,2007-09-15,7,0,0,0,None,3.56,0,0,0,0,0,0,0,0,0,0,0
NDre9J9hKk5zIHDIhjYzcQ,M.,12,2007-04-01,0,0,0,0,None,3.43,0,1,0,0,0,0,1,0,0,0,0
9HmJ1I-x8ANkpnJE5lMfkQ,iulia,1,2007-12-16,0,0,0,0,None,5.0,0,0,0,0,0,0,0,0,0,0,0
hCsrcSqfefYAGKaQ3y_svg,Elaine,75,2007-10-11,83,71,60,18,None,4.25,17,8,1,10,1,5,11,22,22,8,4
JcB4XA0zxlx6F4b4MUT0Hg,Nate,496,2007-07-16,649,229,461,45,"2014, 2009, 2012, 2011, 2010, 2017, 2015, 2016, 2013",3.52,62,12,10,2,0,74,144,186,186,39,11
upgWQqz44v6zM15YWVeP2w,Jeannamarie,55,2007-05-26,118,31,19,1,None,3.9,0,1,0,0,0,0,1,1,1,3,0
WM-yXO56qcnJUcPPNRIDVQ,Alexis,170,2007-08-04,92,47,37,10,"2014, 2017",3.81,3,0,0,0,0,4,6,4,4,2,1
AU0qWUGegVkQ11ETcQezow,Mark,23,2007-08-09,4,2,2,0,None,4.28,0,0,0,0,0,1,2,1,1,0,0
Mj1avmFm28WDup6k9UcuBw,Kelly,42,2007-08-11,9,5,5,2,None,3.49,0,2,0,1,0,2,1,4,4,2,0
ZYglWpCTsXnsFxKYPCRx8A,Marc,2,2007-09-09,0,0,0,0,None,4.67,0,0,0,0,0,1,0,1,1,0,0
Wt5OkrAgUU-8YidJj55prA,Andrew,166,2007-12-30,11,5,4,5,"2011, 2012, 2010",2.99,3,0,0,2,0,4,5,12,12,6,2
eijfUFNF6flY-cY4Ff6BIA,Margaret,728,2007-12-23,273,82,50,75,"2011, 2015, 2014, 2016, 2010, 2013, 2017, 2012, 2009",3.68,45,6,4,4,1,44,58,78,78,62,17
emQzO4TtzafVF9J6gn0Zyw,Jillian,11,2007-09-07,2,2,1,0,None,3.91,0,0,0,0,0,1,0,0,0,0,0
hVhG05ilYB5KhQNHOfSCWw,Tricia,23,2007-03-30,131,110,113,0,None,4.65,0,0,0,1,0,0,0,0,0,1,0
vIF17EFi-U1cboA8nHGdcQ,diane,6,2007-06-29,0,0,0,0,None,3.17,0,1,0,0,0,0,0,0,0,0,0
XbhfCZ6psmXMvfD61nrCHQ,Paul,5,2007-06-27,1,2,1,0,None,4.8,0,0,0,0,0,1,0,0,0,0,0
qdR0j6FkenzepKhGASB1-A,Megan,244,2007-04-18,36,27,3,10,"2012, 2011, 2008, 2007, 2010, 2009, 2013",3.75,2,2,1,1,1,13,9,15,15,1,0
p_pkoSXQC3hSvZXvGMATPg,Loren,56,2007-06-26,8,1,1,1,None,4.04,0,0,1,0,0,2,2,4,4,0,0
gqpnDoFx42U5NdtejYfKOg,Jen,404,2007-04-09,341,267,298,27,"2014, 2015, 2011, 2012, 2013, 2017, 2016, 2010",2.91,70,0,5,3,2,58,94,110,110,52,8
7i1mys6ZVQUiRlyO71f70Q,Ali,463,2007-07-30,162,50,51,14,2017,3.87,0,2,0,0,0,5,11,2,2,2,7
dhXVfF13DsDfn4OZptuCKA,Glenn,175,2007-02-25,19,2,1,3,None,3.87,2,0,1,0,0,2,2,9,9,4,1
7v4_QUOCT27FBmyZ7QnAbg,Jonathan,65,2007-11-26,78,4,2,6,None,4.6,1,3,0,0,0,2,9,9,9,0,1
-BszTDfstn3-tzgOj9HoDg,jen,41,2007-08-29,2,0,2,2,None,3.84,0,0,0,0,0,1,1,0,0,1,0
3xoI9ebkuJXJkY1HVKByZw,Cara,105,2007-01-24,137,42,38,21,None,3.93,9,2,2,5,0,17,5,9,9,4,5
Z5KDr6tLVsv-wasVFFXH5Q,Michael,22,2007-12-19,2,0,3,0,None,4.86,0,0,0,0,0,0,1,1,1,1,0
9H7TRtcNM7dQ9Vq7f6MQMg,Natasha,97,2007-05-08,1246,272,374,12,None,3.38,13,8,0,0,0,12,21,41,41,6,1
RdSGuJ0DDCLR3DJ1KoXamQ,Jordan,188,2007-08-06,42,17,15,10,None,3.7,12,3,0,5,0,7,11,13,13,1,2
PFk_z4uhEEwGmWimnMVYzQ,Scott,132,2007-11-11,119,83,72,4,None,3.41,0,1,0,0,0,1,3,1,1,3,0
VOkQp62ZufDuECAM8hUdGg,art,290,2007-11-12,14,1,0,12,"2010, 2017, 2011, 2016, 2015, 2014, 2012, 2013",3.85,3,3,3,0,0,5,10,19,19,0,0
hX9JjmjSFFT_-2rpUlN_Gw,Kathryn,256,2007-12-28,18,6,0,13,"2010, 2009",3.57,6,2,0,1,0,9,9,13,13,4,0
DEwGGpH9HUnSnXCM-ECxkA,Jesse,36,2007-07-17,13,4,1,2,None,4.03,0,1,0,0,0,0,1,0,0,1,0
gDeacL_V-4Pjb0jVHOpT7w,jewel,4,2007-08-12,3,0,0,0,None,3.0,0,0,0,0,0,0,0,0,0,0,0
6zbVBPJgYADnoBEgf1kSdA,Tom,30,2007-08-30,5,2,1,0,None,3.88,0,0,0,0,0,1,0,1,1,0,1
EWZjaX4lNCi_F53iTJ3JVg,Michael,49,2007-02-16,1,0,1,3,None,4.12,1,0,0,1,0,0,1,0,0,0,0
pgZHN4YI01GW_DlA_m9Leg,Dylan,151,2007-06-25,14,12,7,5,"2013, 2014",4.05,10,1,3,0,0,5,8,7,7,8,0
UherDOEqrxUnbR4Z2CxNuw,Michele,112,2007-12-03,9,12,0,11,None,4.12,6,3,1,0,0,1,3,12,12,7,2
Qd8aZ0c1WMt8SRs0uN3sag,Jennifer,18,2007-04-23,10,3,6,1,None,3.78,0,1,0,0,0,0,0,0,0,0,0
RpGMBHy0330xT_VeO027gA,dave,44,2007-04-20,1,0,0,2,None,4.32,0,0,0,0,0,0,0,2,2,0,0
bnQHA3oRyHyI8qNhH8FELw,Jessy,22,2007-10-30,4,0,0,0,None,4.09,0,0,0,0,0,0,0,0,0,0,0
p3Tk1putTXaY1SG659a2xA,Dave,5,2007-11-02,1,0,1,1,None,5.0,1,0,0,0,0,0,1,0,0,0,0
RYicK62TnNczslgkPeZZ6g,Eric,29,2007-04-02,13,6,1,1,None,3.69,1,1,0,0,0,0,0,1,1,2,1
oH9K7eCuNsYr6MmlM2ZjUg,Buo,902,2007-11-10,72,54,9,101,"2010, 2017, 2015, 2014, 2012, 2016, 2013, 2009, 2008, 2011",3.66,44,7,4,7,4,25,41,42,42,39,9
WRc1yA_1Lddz6YKC9VtPUQ,Ryan,154,2007-08-10,2,2,2,30,"2008, 2007",3.92,200,21,9,29,7,104,104,271,271,16,17
vOF3yfdDg6-g_GBcQUv4yg,Joseph,19,2007-09-15,5,3,0,3,None,4.21,0,1,0,0,0,1,3,1,1,1,0
gj-TFb1iPmwBWCKN1qIgAA,Al,161,2007-10-01,48,17,6,10,2008,4.05,3,2,1,0,0,2,7,9,9,2,1
NJ7rDmUiUiOnB-ukTvLPWg,Mary,20,2007-05-06,2,1,1,0,None,4.05,0,2,0,0,0,0,0,0,0,0,0
WTSp_ABhwOlPdkeg_9XtxA,J,60,2007-07-14,2,4,0,2,None,3.5,0,1,0,0,0,1,1,0,0,1,0
8WEC59dFTxfSusfqNtPfBA,ben,97,2007-12-13,99,38,36,1,None,4.46,1,0,0,0,0,2,3,2,2,0,0
BjL49M7-ytXZIoQMUfS1uw,Brendan,27,2007-12-12,0,0,0,1,None,2.7,0,0,0,0,0,0,0,0,0,0,0
aQ-iBE0mqN-e2bMqIJ_fhg,Neel,92,2007-11-07,1,0,2,0,None,4.14,0,0,0,0,0,0,3,0,0,0,0
722LrIieQAU1xxUxOPqCbw,Says,9,2007-02-12,0,0,0,0,None,4.9,0,1,0,2,0,0,0,0,0,1,0
z7qD7VcCBm6BhlERrQmaUg,Paul,36,2007-08-08,14,8,1,3,None,3.8,1,2,1,0,0,3,1,2,2,1,3
71xmFJ3HvmwKAj3_uj8jUw,Melissa,121,2007-02-27,2,3,2,8,2011,3.84,3,3,2,0,0,2,5,3,3,2,1
MwTI5efUGc21btvUNhrHKw,Daniel,11,2007-12-05,0,0,1,1,None,4.82,0,0,0,0,0,0,1,0,0,0,0
31g27Z_UjV9hos7qpWRvwQ,Allan,62,2007-09-17,98,79,86,1,None,4.02,11,3,0,0,0,1,16,17,17,1,2
UeosLNeRHhFfMOfafNuu6w,H,35,2007-08-14,15,4,4,6,None,3.61,3,1,0,0,0,2,2,4,4,2,1
p_514Yo8SndKB7dCvGdvWw,Romes,30,2007-01-05,2,8,0,1,None,4.64,6,2,0,3,0,10,6,12,12,2,1
g3V76Ja0XgWS1rqx0gxL_A,Whitney,186,2007-09-11,144,11,2,3,None,3.58,1,3,0,0,0,1,2,4,4,0,0
DtZq0j1MSxLo-ajXNnPiXQ,Jessica,27,2007-05-15,13,3,2,1,None,3.97,0,1,0,0,0,1,0,3,3,1,0
UnLIvR1AyM9JD2RgQfY5Lg,Kristina,321,2007-07-06,185,69,205,32,"2010, 2009, 2011, 2008",3.67,33,8,5,3,8,13,23,29,29,19,3
ttIthS7_yMAHbb5nEXzcPQ,Pam,54,2007-10-16,6,5,0,8,None,3.71,3,2,1,1,0,1,1,4,4,1,1
NdnF4ERVYTKnhGCWPHpDzw,jen,158,2007-02-19,175,141,132,11,2008,3.72,10,3,1,3,4,2,15,9,9,2,6
6mgYTBGN1Ig2thDBCjmLwQ,Michael,917,2007-04-07,1254,794,430,66,"2011, 2010, 2009, 2015, 2012, 2016, 2013, 2017, 2014, 2008",3.59,75,14,6,2,1,37,62,87,87,17,3
1ZZ0Ns_B8DEDC0FtVqeJeQ,rob,15,2007-01-07,27,5,0,1,None,3.68,0,0,0,0,0,0,0,0,0,0,0
Ha_vTu7LVo1aPV_lNsMyqw,Heidi,163,2007-02-14,6,4,2,20,"2007, 2008",3.98,13,11,4,2,1,7,11,19,19,5,2
piFq1eTgOPjNzt-A9uo4tQ,Bweetza,14,2007-10-19,14,2,3,0,None,3.4,0,0,0,0,0,0,0,0,0,0,0
vl5YBHI1aj0z5N8IhFVO4g,Vincent,23,2007-05-21,2,2,1,2,None,3.96,0,1,0,0,0,1,0,1,1,0,0
mW9wYUbFAAAaKqmCPeVy9Q,Khue,30,2007-06-21,0,0,0,0,None,4.73,0,0,0,0,0,2,2,1,1,1,1
kgpeg6iKmPF66dC0DHlYqw,Rachel,25,2007-03-23,0,0,0,0,None,3.42,0,0,0,0,0,0,1,0,0,0,0
PJ1jKx4WgqhtnIoXLLIExQ,Vicente,81,2007-11-22,0,4,0,8,None,4.09,1,1,1,0,0,6,1,4,4,2,0
1GWaXSCh3hiH7L4p4CjiQg,Jim,135,2007-04-21,68,35,2,6,None,2.78,2,0,0,0,1,1,7,2,2,2,0
5GH-6yrRvOjeXKmE44qAHA,Cindy,41,2007-11-08,2,5,0,0,None,3.43,0,0,0,1,0,1,1,2,2,0,0
ZEqnvZpW6KAeNZmwxLLmcQ,Gloria,27,2007-05-21,2,0,3,2,None,3.68,1,0,0,0,0,0,0,1,1,0,0
AUOOiGEylUQvcMfJIAG1_Q,Eira,61,2007-09-27,221,14,7,0,None,3.95,0,0,0,0,0,1,0,0,0,0,0
QwWD-SLuOth_Jszfvq6vcw,Undercova,388,2007-11-26,165,31,7,8,None,3.77,3,1,1,1,1,3,11,11,11,5,5
RcRhOMoMJuaXLzARqJjNfw,David,26,2007-12-29,7,3,9,1,None,3.5,0,0,0,0,0,1,2,2,2,0,0
4kKngcDGjuzo18pxx5jHog,Amanda,407,2007-06-20,1836,276,770,39,"2014, 2012, 2011, 2010, 2013, 2016, 2015",3.84,89,5,5,0,4,54,58,82,82,41,4
mMlLQpxMhGDcRh64xH-dMQ,Randy,7,2007-11-12,0,0,0,0,None,5.0,0,1,0,0,0,0,2,0,0,0,0
_xzu_cuxhcbbfx6ASYev_g,Sunny,656,2007-07-28,720,521,922,45,"2010, 2016, 2017, 2015, 2012, 2014, 2011, 2013",3.83,105,13,8,3,1,62,227,206,206,163,23
UC4vIvPxFFQC8WQowlzu2g,Jiyoung,7,2007-08-10,6,0,0,1,None,4.0,0,0,0,0,0,0,0,0,0,0,0
dbkHNsaUPsx8WUII5Y64sg,Sierra,98,2007-08-02,141,265,294,11,2008,3.64,55,2,2,14,2,14,43,69,69,13,3
Bb91vcfkeF5Jb_30N6OAww,Jennifer,112,2007-11-26,3,0,0,1,None,3.72,0,0,0,0,0,1,1,1,1,0,0
KiTDJJ5UVSDppkwvk6mNvQ,S,179,2007-11-22,162,172,151,16,"2010, 2009, 2011",3.53,17,2,2,4,0,8,13,10,10,8,2
S5nfzuDZH-DFUv4kOmlnNw,Logan,11,2007-09-24,0,0,0,0,None,3.64,0,0,0,0,0,0,2,1,1,1,0
plIqYQLJ1sGr6K0djbd1dg,Ada,332,2007-05-04,0,0,0,5,None,3.14,4,4,0,3,1,3,4,1,1,1,0
oP8SXM5WV3wBI-ucx-pFZQ,Derell,28,2007-01-15,7,3,0,1,None,3.75,0,0,0,0,0,1,0,0,0,0,0
Uk25yW9c7G9YgK9_MSHJKg,Tom,61,2007-12-30,21,3,2,4,None,3.16,2,2,2,0,0,1,1,5,5,0,0
NkSYI6tchaeqefJi2yfdoQ,rolfes,56,2007-02-09,0,0,0,0,None,3.91,0,0,0,0,0,0,0,0,0,0,0
gkvDoINDxrSFAKXyAJH4Ng,LM,153,2007-08-30,24,16,31,3,None,3.72,4,1,0,0,1,6,17,9,9,2,0
oqgS7KxIPK0K1dms2RcE4w,Linda,140,2007-09-06,7,3,4,7,None,3.62,1,0,0,0,0,6,4,2,2,2,1
c9yze191PX6FK2YgDvs0TA,Iris,2,2007-10-15,0,0,0,0,None,1.5,0,0,0,0,0,0,0,0,0,0,0
pVf-OLMqNG56cTtrNjiGZA,Deanna,530,2007-06-22,23355,6663,20323,162,"2007, 2008",4.33,316,35,15,116,27,221,590,324,324,56,36
ivUm66jjAoIa1GGJBrJaUg,Anastasia Beaver Housand,88,2007-03-06,85,42,44,4,None,4.56,1,1,0,1,0,1,2,9,9,2,0
Je0BsTkueDunNSA7lkWLvw,Diana,31,2007-02-26,2,0,0,1,None,3.94,2,1,0,0,0,1,3,3,3,0,0
nDLXV06i_V3R-F5J67pqcQ,Sarita,14,2007-05-24,0,0,0,0,None,4.0,0,2,0,0,0,0,0,1,1,0,0
4cZGu_PZZ7TpEv9LUy5Liw,Jessica,36,2007-04-22,7,0,1,0,None,3.85,0,0,0,1,0,1,1,1,1,1,0
vYoFC9ag4ISqGVR4jpAvLA,L,95,2007-05-14,45,23,30,5,None,3.86,11,1,1,2,0,0,6,16,16,1,2
9bxdPvAhP6cuipD5s2UnCg,Tam,1397,2007-02-17,5811,3408,7328,113,"2013, 2016, 2012, 2010, 2008, 2017, 2014, 2015, 2009, 2011",3.56,1811,129,120,187,31,530,1793,2066,2066,704,84
S5o8xTmvLIyLeeq3xI3TJw,F.,48,2007-06-25,12,1,0,1,None,3.29,0,0,0,0,0,0,1,0,0,1,0
GIkEueeahJdLXziC4yqbUw,Arista,150,2007-08-12,1,2,1,9,"2011, 2010",4.19,9,6,2,0,1,3,10,12,12,5,0
UUhmgzUlSDYSC_Bjxrc1ww,emily,32,2007-10-24,17,2,1,1,None,3.72,0,0,0,0,0,1,0,0,0,1,0
mUkXysN1NOMWMaAm3hoybQ,Elaine,504,2007-09-13,10,1,0,5,None,3.66,1,1,2,1,0,1,4,3,3,1,0
87xQr49IzJtmKGqx7gGJfg,Amy,45,2007-11-11,14,8,5,1,None,4.42,0,1,0,0,0,0,2,1,1,0,0
_V6qMBCSzhwx96FLB3CJRw,Pam,747,2007-05-17,932,837,881,165,"2010, 2015, 2009, 2013, 2016, 2017, 2014, 2008, 2011, 2012",3.69,2293,190,228,525,86,607,737,1421,1421,323,223
_VYSXWW5LLfAn4B4CUmXtg,Mary,121,2007-05-22,23,13,4,7,"2010, 2009, 2007, 2008",3.95,6,1,1,0,0,3,8,14,14,5,1
3RxmzYVr7BHzzfsfYIdIXg,Jen,407,2007-05-10,3,6,1,26,"2009, 2008, 2010, 2011",3.42,16,12,1,3,2,13,18,15,15,7,6
sxI8CF-np-k_RwjlgZsEpQ,vr,1,2007-04-27,0,0,0,0,None,5.0,0,0,0,0,0,0,0,0,0,0,0
LcLgbm2KkAU4mahUxPRDuA,Patrick,27,2007-07-03,6,9,0,0,None,3.5,3,0,0,0,0,1,0,0,0,0,0
FFGaEXdu6zklxIgsB86-Kg,Ashley,50,2007-06-30,3,1,2,0,None,4.21,0,0,0,0,0,0,0,1,1,1,0
xpRR73hRVfou8_QWZxLIzg,Raj,16,2007-09-25,19,1,1,0,None,3.19,0,0,0,0,0,0,0,0,0,0,0
y2LG2fn1Yl2NF3z1fbY2UA,Agnes,149,2007-06-06,4,5,1,6,None,3.68,1,0,0,0,0,2,3,4,4,2,0
Dg5NsXYm5SlIPyJkktjqlQ,weinliebha,1,2007-03-13,0,0,0,0,None,5.0,0,0,0,0,0,0,0,0,0,0,0
1UVHkHzPi2FTrXJcBsm_Tg,Erica,44,2007-04-24,9,2,2,0,None,3.7,0,1,0,0,0,1,2,0,0,2,0
VO-ODRE4lZlRhJ-BJ-1-GA,Ari,59,2007-05-02,7,2,1,1,None,3.6,0,0,0,0,0,0,2,0,0,0,0
jARN0lkLIEawDRs5gGAXig,Jorge,27,2007-05-14,1,1,0,0,None,3.15,1,0,0,0,0,1,1,1,1,0,0
fmz3wC7MXdllcHNEy8x1Ww,Jenal,9,2007-10-05,1,0,0,0,None,4.89,0,0,0,2,0,0,0,0,0,0,0
YEgBQZ_UakfJa31NWLODvA,Mark,483,2007-01-16,3,7,1,25,"2016, 2014, 2013, 2010, 2012, 2009, 2011, 2017, 2008, 2015",3.8,3,6,0,0,2,4,11,21,21,8,0
IPy3uJllYJmFcZwYJ0kujA,Ben,247,2007-06-02,49,8,10,6,None,3.65,1,1,0,0,0,1,8,3,3,6,0
uG7N6k70isjKxpbjUox3CQ,J,141,2007-10-26,4,0,0,4,None,3.71,0,1,0,0,0,2,0,4,4,1,0
CcJAs3QyoPdnTTKKpsbA_A,Jenifer,355,2007-03-16,67,80,29,33,"2012, 2011, 2013, 2014, 2010",3.58,46,10,7,10,11,20,46,40,40,38,3
yLX834G0MjSu2BbptBUShA,Liz,406,2007-07-06,58,11,5,24,"2012, 2013, 2014, 2016, 2015",3.88,4,6,6,0,0,8,14,16,16,8,0
nm2qMM3qXVFYiCK14qeVtQ,MissJennifer,95,2007-11-24,3,9,3,6,None,3.71,5,1,0,0,0,2,4,6,6,0,1
wcqWL2ZAPSyBVqoj8vV1_g,annoushka,30,2007-08-30,17,5,3,0,None,3.81,0,1,0,1,0,1,2,2,2,0,0
-ULSHOQujywy5hj68xFzhQ,Marinda,9,2007-07-30,0,0,0,0,None,4.78,0,0,0,0,0,0,1,0,0,0,0
fcNU65OaCj7slBJ60VSQgw,Steven,1210,2007-07-08,1545,213,557,89,"2014, 2011, 2016, 2012, 2010, 2009, 2008, 2015, 2013, 2007",3.21,65,14,12,6,4,79,141,182,182,57,12
QYz5uE96fEV_hzEvq9TIqw,Joel,167,2007-01-01,55,71,35,8,"2011, 2012, 2014, 2010, 2013",3.96,9,3,2,0,0,11,29,28,28,10,0
D8KDGxSPMoOYU50BSEuJeQ,Hoa,186,2007-11-08,3963,2654,3042,34,"2008, 2016, 2014, 2015, 2012, 2013, 2011, 2009, 2010",4.16,159,8,1,8,12,31,117,205,205,68,2
YQGkUGRrdHxs8E6n_xXwaA,Aladdin,1,2007-08-18,1,1,1,0,None,5.0,0,0,0,0,0,0,0,0,0,0,0
7wTx_0CqZoCt3zdPktUejQ,Jenny,62,2007-10-22,3,1,1,1,None,4.33,0,0,0,0,0,0,1,2,2,1,0
EIaSMDbdsPclq-TwoUsS8A,Bryant,48,2007-09-04,13,15,6,3,None,3.81,2,2,0,0,0,6,8,7,7,1,0
VVMS74JyUk2h53yfC-xNsA,Neil,130,2007-12-01,21,7,15,3,"2009, 2008, 2010",3.78,2,3,0,4,0,7,5,7,7,3,7
uQ5on-jjzpefqdqlH5zcSg,Mike,54,2007-01-08,1,5,0,2,None,3.02,2,1,0,0,0,1,1,4,4,1,0
F9cfilXTk0kbuk5Blwv20g,Hazel,60,2007-05-11,1,1,0,2,None,3.72,10,1,0,3,0,3,3,7,7,2,0
xmXt7afvj-mgALs1EPwJfg,Jim,44,2007-10-23,38,50,41,2,None,2.7,0,0,0,0,0,2,4,0,0,1,0
xBt5_2rrBR5f1mSZadS5ZA,Nick,104,2007-03-02,70,114,61,15,2008,3.6,160,14,2,11,1,27,27,62,62,3,4
nNYbL3KsxEoBhaap01Vqzw,Wenn,161,2007-02-14,63,3,0,8,"2016, 2015",3.91,0,0,1,0,0,1,4,1,1,0,0
16mgESZDQwc3aD-7nFkp_w,Libby,187,2007-05-14,11,8,1,5,"2016, 2012, 2013, 2014, 2015",3.81,2,3,0,0,1,3,2,4,4,1,0
uZZey0pkPXKtEedw_L5w1Q,Larry,6,2007-08-17,0,0,0,1,None,4.5,1,0,1,0,0,0,0,0,0,0,0
HDkSuB4_Ipjan1_P4Y9dKg,Ami,52,2007-04-03,9,1,3,0,None,3.53,0,0,0,0,0,1,0,0,0,0,0
UO4R2ZlZGXeLfs7XaigULQ,Golmar,31,2007-02-22,1,0,0,3,None,3.61,0,0,0,0,0,1,1,0,0,1,0
G1CjI71Agj4_Ew4CuVQIgQ,sierra,184,2007-11-12,163,19,32,13,"2013, 2014, 2012, 2011, 2010",3.66,9,5,0,4,0,16,15,11,11,4,1
ZvPjMpSHmleak4iGGXeC-g,Rick,27,2007-09-14,62,46,16,4,None,4.23,2,0,0,0,0,2,2,8,8,3,1
n4LLX8dmys2Ml74tRUpwrg,Nicole,170,2007-11-16,78,31,45,8,"2014, 2013",3.73,13,5,1,1,0,8,7,16,16,11,0
5kSTFIoQZzzHjQHg-kLI6A,Daniel,16,2007-08-27,1,1,0,0,None,3.94,0,0,0,0,0,1,1,1,1,0,0
yRW2znuuia173wbpgi5t3g,michael,56,2007-07-26,9,9,2,5,None,4.33,2,2,1,1,0,4,1,3,3,4,1
sgUbr-bSfM8vfkkRLGZxCQ,Katherine,113,2007-08-15,25,16,7,12,"2007, 2008",3.78,13,1,3,1,4,4,13,16,16,2,4
I7CzEJvzb3-tbCN2hOFhaA,Joe,82,2007-12-29,0,5,1,1,None,3.58,0,0,0,0,0,2,1,3,3,1,0
EdIhpWoLivhqBH8l7ZQr-g,Meredith,73,2007-01-07,8,1,1,3,2009,3.96,1,1,0,1,0,1,3,2,2,0,0
-6J2VjbeLWAHsyAB8VN7bA,Holl,308,2007-10-25,346,68,191,21,None,3.3,24,2,2,6,0,13,20,16,16,9,5
LEpoIdCCoM5VMIrvPXtowQ,T-Squared,235,2007-01-07,106,1,2,4,None,4.22,0,1,0,0,0,1,0,0,0,1,0
HQF0jsricHg6n35DXjvh3w,Brian,98,2007-05-04,4,5,2,5,None,3.98,4,2,0,1,0,1,2,4,4,3,0
EISLZc8nqFk5ZNaX8gCrwA,Peetle,54,2007-10-30,0,0,5,1,None,3.35,1,0,0,0,0,1,8,1,1,0,0
NPPL3W342F3Dhk88BEbsqQ,Kristan,34,2007-11-02,63,40,13,7,None,4.03,3,0,1,0,0,1,0,2,2,1,1
DE3rMGpKTPX-SFIBJkU5Vw,D,121,2007-04-12,50,11,1,9,None,3.65,2,2,1,1,0,2,3,10,10,2,0
ODs1uUrVogAtt_93lXneqw,manne,162,2007-11-25,0,0,0,0,None,3.62,0,0,0,0,0,0,0,0,0,0,0
qjssBE_jiGQRV8dDHjt61w,Rita,57,2007-08-21,7,3,0,4,None,4.09,1,1,1,0,0,6,6,4,4,0,0
btsecF2_AI11A8N-XxHN7w,Nedda,16,2007-05-16,0,0,0,0,None,4.78,0,1,0,0,0,0,0,2,2,0,0
qYGSkkwYh9rxhBenFrWKpQ,Christie,59,2007-01-19,3,0,1,1,None,3.9,0,0,1,1,0,1,3,1,1,0,0
RZz3mxhxAsXMGnxnEQaLig,Jesse,63,2007-01-23,3,0,0,2,None,3.99,1,0,1,1,0,0,2,0,0,0,0
nMppd0O0u3wit12QYtAiCA,Kristi,3,2007-09-22,1,0,0,0,None,4.2,0,0,0,0,0,0,0,0,0,0,0
_140va28kpIvV4qH5AtaNA,Hsin-I,23,2007-01-16,4,1,0,0,None,2.57,0,0,0,0,0,0,0,0,0,0,0
5DhIf6kNjIejyrIwl5CvUA,Liza,324,2007-08-24,39,18,7,55,"2009, 2011, 2010",3.46,37,7,1,9,5,22,36,68,68,35,3
glgRgX00AXCE0ZDpbwL5Dw,Belinda,82,2007-02-24,172,0,0,4,None,4.27,1,0,1,0,1,3,0,1,1,3,1
3srbILfCJ70LXv7Q2G1GxA,Rick,419,2007-05-04,198,209,196,156,"2010, 2007, 2008, 2009",3.72,1026,169,185,326,65,1521,906,1325,1325,136,157
Ff5IHtlp6ATxEu_Erda_tw,peter,11,2007-06-28,1,2,1,0,None,4.14,1,0,0,0,0,0,0,0,0,0,0
Rd__6ZGCWea1o8Yku7ZsaA,Lisa Marie,163,2007-11-11,92,69,22,47,"2012, 2011",4.14,60,11,4,12,3,35,38,52,52,30,5
ZczUVPGNtWBJdhUcaPCjgg,Allison,148,2007-04-13,22,4,4,5,"2015, 2013, 2014",4.1,2,0,0,0,0,1,0,8,8,7,0
TDZ93s0I1zh4QWfKTryrQA,Paul,9,2007-12-06,342,335,340,4,None,3.67,1,2,2,0,1,21,11,16,16,4,1
jMzmali07h-XH1YpiiM3AA,Ameigh,112,2007-06-05,16,19,9,12,"2010, 2011",3.71,11,3,0,1,0,7,6,7,7,2,0
2ehPseKy_fOE-qMXFlYXBw,Kelsey,171,2007-09-06,8,5,1,12,"2010, 2008, 2009, 2007",3.78,7,3,0,0,2,5,12,17,17,8,1
Gng3MRuBY8EM1pByzN-4fA,Michael,33,2007-06-21,15,10,4,3,None,3.81,2,0,0,0,1,2,4,1,1,0,0
i1Zu1tK9CiOLRz_M7QrcIw,Chris,37,2007-04-04,6,1,0,1,None,4.43,0,2,0,0,0,1,1,2,2,0,0
obMgObC0jkcpUhVBk8y2HA,Kendyce,156,2007-02-20,90,56,50,10,"2007, 2009, 2008",3.53,7,8,1,2,1,8,28,23,23,5,0
xFvu0LxtLK2ZgNkM-hVP-A,Alexis,17,2007-01-22,1,0,0,1,None,2.88,1,0,0,0,0,0,1,1,1,1,1
WMbqg6jk4zt41Ys5-_hm5Q,alfi,56,2007-07-11,0,0,0,1,None,3.59,0,0,0,0,0,0,0,0,0,0,0
lxwLSuihz9owishmiu5ojQ,Joey,230,2007-12-03,108,74,85,20,"2010, 2013, 2012, 2008, 2011",4.09,22,12,1,1,1,33,60,49,49,9,6
hOE5zGo6HVQGnOfYiRyMPg,Chel,354,2007-04-28,3,3,6,30,None,3.93,8,3,0,0,0,17,5,1,1,11,1
BMlmme_YhbcT6LFYeU3wIQ,.I,112,2007-12-05,73,21,69,13,None,3.21,1,0,0,0,0,3,3,6,6,3,4
iintcYjvi6p0t_6y72KlZg,Jen,336,2007-02-11,184,114,168,17,None,4.49,4,7,0,0,8,4,8,7,7,1,1
ahx0IOyoTkcviqEzBWQy1A,Catherine,26,2007-08-21,4,0,0,2,None,2.97,0,0,0,0,0,0,0,0,0,0,0
E22x8Ri58SfScsQHLAvWxA,Fanya,27,2007-04-26,4,1,3,0,None,4.78,0,0,0,0,0,0,1,1,1,0,0
cqgFZ7qHjI15LSk8GYRBXA,drar,5,2007-04-02,0,0,0,0,None,4.2,0,0,0,0,0,0,0,0,0,0,0
leUVXYa0RR27kGg-pI3Oww,Brett,3,2007-10-28,0,1,0,0,None,4.0,0,0,0,0,0,0,0,0,0,0,0
T6Bo44Ykw6L58H5N6LuCCQ,Kristen,40,2007-09-07,2,0,0,2,None,3.35,0,0,0,0,0,1,3,0,0,0,0
H1CVSp64Xp-VYLm0dyD4OA,dh,8,2007-03-07,0,0,0,0,None,4.75,0,0,0,0,0,0,0,0,0,0,0
f_lAXln1QO58wmrbjHPfpQ,amethy,17,2007-09-24,0,0,0,0,None,2.53,0,0,0,0,0,0,1,0,0,0,0
uSVgYDjxSftY8VO3VK_R0w,Vicky,172,2007-02-23,8,3,4,5,None,3.92,0,0,0,1,0,3,2,7,7,0,0
3MI3xvPyXs8jg6FFHlyf_A,Joseph,127,2007-03-01,443,630,134,8,None,2.64,4,5,0,1,0,16,5,7,7,6,0
hFB9PM1R2tECWfBUCggS3w,Dan,83,2007-07-13,3,2,0,3,None,4.14,0,0,0,0,0,0,1,0,0,0,0
CY5uw973imTIK775SUfLEA,Esther,89,2007-07-03,45,42,11,4,None,3.98,3,0,0,1,0,0,2,6,6,5,0
djmCu2iAp4Lnx4Rx28sgLQ,J,28,2007-11-26,7,1,0,1,None,3.93,0,0,1,0,0,0,0,0,0,0,0
AKYT7Ky07-3MEh8NtC37eQ,Hani,156,2007-07-25,37,2,1,15,"2007, 2008, 2009",3.85,5,7,3,0,1,3,5,2,2,3,1
cpUM9bOVufwQzpJcmBumuw,Terren,312,2007-08-07,5,4,1,21,"2010, 2012, 2013, 2011",3.63,8,5,0,1,2,10,8,15,15,8,3
Lj5Ekfn-sF4bNkbZW0C35g,Brittany and Tim,145,2007-06-15,0,0,0,4,None,4.07,0,1,0,0,0,3,3,2,2,0,1
a7mNE5l3F_q0b1wHEe1spg,Katie,17,2007-08-22,1,1,0,0,None,3.53,0,0,0,0,0,0,0,0,0,0,0
YXValLg3JuzS79dDia-68A,Melissa,45,2007-08-07,6,1,1,0,None,3.69,0,1,0,0,0,0,0,0,0,0,0
pegemP0N8TD3mGe-gDDVWA,ms,28,2007-06-21,2,2,1,3,None,3.46,0,1,0,0,0,0,0,0,0,0,0
WWgOC-JDMRa8FOY1zRjEaQ,Chris,17,2007-07-28,1,0,0,0,None,3.11,0,0,0,0,0,0,0,1,1,0,0
Sg13jrhLpXSLF4j1TK1U9A,N.,122,2007-04-27,4,1,0,3,None,3.88,1,0,0,0,0,3,2,0,0,0,0
JaJPyPvZP2Cida3IHqMNMQ,Chris,13,2007-08-12,2,1,2,0,None,3.07,0,0,0,0,0,2,1,0,0,0,0
FPSmLAW14ks_dOukXCqvlA,Jan,462,2007-11-06,559,378,324,37,"2016, 2013, 2014, 2017, 2012, 2015",3.88,14,7,2,5,0,14,31,25,25,19,5
mGXWcJ0QHA97_IyFQAal3g,G,59,2007-05-01,1544,264,380,6,None,4.16,0,1,0,0,0,2,2,2,2,1,0
SXXPd3BUr-4WzkhRiirK-A,Bill,176,2007-02-12,7,5,1,3,None,3.72,2,0,0,0,0,1,7,9,9,3,1
02T2bOjxwZpAxRhqSI1Z2w,Sarah,141,2007-09-22,40,29,26,25,"2009, 2008",3.88,30,12,0,2,2,7,25,33,33,19,3
SUQ5MdBQJcEgMhXXoK26GQ,David,10,2007-12-05,2,2,1,2,None,3.8,1,4,0,0,0,0,3,5,5,2,0
QCRrUG72mKzP3MFIHBQVqQ,Jessica,37,2007-10-21,3,1,0,1,None,3.25,0,0,0,0,0,0,1,5,5,0,0
GCRQ4ZfoDsBSmlJ8q85pCg,Peter,115,2007-11-30,0,1,0,3,None,3.7,3,0,0,0,0,1,0,4,4,0,0
Tv77KYRvgdxhlpaemI8hZQ,Dorothy M,11,2007-03-23,94,0,0,5,None,3.53,0,0,1,0,0,1,1,0,0,1,0
c9PwtsNozIxJ5NDMT5C9qQ,Stacy,367,2007-01-24,116,30,53,104,"2009, 2008, 2007, 2011, 2010",3.75,54,19,7,25,21,28,57,83,83,34,23
ub_Vk-V_Ga3IrXIgXh51Aw,redad,1,2007-02-25,0,0,0,0,None,5.0,0,0,0,0,0,0,0,0,0,0,0
UXTp8jt7xU8vTpU9_bTwwA,Jill,42,2007-11-30,3,0,3,9,None,4.36,4,0,1,1,0,0,4,5,5,1,0
I-MPn5jRfB8-Zl__twxWdQ,Sabrina,326,2007-02-28,175,143,115,40,"2009, 2012, 2011, 2010, 2013, 2008",3.4,69,15,9,4,1,39,93,87,87,73,6
mkRI07cv5f1gObpkSiPwZA,Shakira,255,2007-09-01,170,62,135,18,"2016, 2014, 2015, 2010, 2011, 2013, 2012, 2017",4.38,31,1,1,0,0,23,16,45,45,10,3
hoeEBXdqRFHYepQfzsVl9A,Jim,11,2007-11-19,0,0,0,1,None,4.08,0,0,0,0,0,0,1,0,0,0,0
aSmshxcTWhz8nNJPQxW3_w,Sharon,75,2007-12-15,0,1,0,0,None,3.98,1,1,0,1,0,1,0,0,0,0,0
iHpe1GW15oq07_ybHrftlw,James,154,2007-03-21,110,50,56,2,None,2.72,3,0,0,0,0,6,2,0,0,2,1
HRNBgBy0E_trWLafE0K81w,Shannon,2,2007-12-30,2,2,1,0,None,1.33,0,0,0,0,0,1,1,0,0,0,0
PhXZgq6IGyhVAS14Zmom7g,KJ,91,2007-04-18,50,2,2,0,None,3.46,0,1,0,0,0,0,1,1,1,0,0
rduiiFS8pVcvWVfnkm8Quw,Don,95,2007-12-10,8,3,0,5,"2011, 2012, 2010",3.9,22,1,0,0,0,14,27,24,24,7,3
StMG0NP75jgPn_92imiYZw,Angela,2,2007-04-13,2,0,0,0,None,5.0,0,0,0,0,0,0,1,0,0,0,0
Xpt9jlxR9L28E9D2G8iFTg,Nate,141,2007-10-13,267,82,143,6,"2009, 2013, 2008, 2010, 2014",3.77,6,3,0,1,0,12,9,19,19,6,0
3wOACSO8c9ZNsqYP22Ta4w,Amanda,5,2007-08-09,1,0,0,0,None,2.4,0,0,0,0,0,1,0,0,0,1,0
AVqZe72yneiWFcudfmeG1A,Erik,3,2007-07-29,1,0,0,0,None,4.33,0,0,0,0,0,0,0,0,0,0,0
zh7ZzPhINOnSYSlx1izTlA,Sam,127,2007-07-09,3,1,0,0,None,3.68,1,0,0,0,0,5,0,0,0,2,0
NT4thiLshXDdnnRZ_rEkWw,Mike,26,2007-09-06,8,0,0,0,None,3.0,0,0,0,0,0,1,0,0,0,0,0
BLvwtTkMsXcDC-GKA_rK3A,Colleen,337,2007-09-02,108,15,23,16,"2016, 2014, 2009, 2011, 2013, 2012, 2015, 2010",3.97,14,3,1,1,0,15,9,20,20,10,0
Kv7NYOvRTJfFYZHkSoFgTg,Ben,75,2007-07-20,20,1,0,4,None,4.06,0,1,0,0,0,1,0,1,1,0,0
KPRr8Sn3yeej3hxmOwoZbQ,Beck,280,2007-08-01,11,11,1,9,"2009, 2008, 2012, 2010, 2011",3.51,8,7,1,4,0,2,6,17,17,3,4
yDh8lanX4fIvVjZORjn4Ow,Gilbert,155,2007-05-18,7,1,4,7,"2010, 2011",3.33,1,3,1,0,0,3,3,7,7,3,0
qh8PFp-ZtsNvhdKb6OgtgQ,Eva,3,2007-10-29,1,0,0,0,None,4.33,0,0,0,0,0,0,0,0,0,0,0
epirgQdxVdYnx8LO3fmbwQ,Manuel,63,2007-06-11,19,21,0,1,None,3.86,0,2,0,0,0,1,1,1,1,1,0
c-D_IEt1tzPy4pOpP--AKQ,Brad,17,2007-11-12,10,1,1,0,None,3.18,1,1,0,0,0,1,0,0,0,0,0
ZEc1ZQ6bvv_yG-tpMhmBiA,Scott,88,2007-03-31,14,8,7,2,None,3.96,4,1,0,0,0,3,2,7,7,1,1
trP_sp8w9EX4rTM5-oH0pA,Bob,20,2007-09-21,11,2,1,1,None,2.81,0,0,0,0,0,1,0,0,0,0,0
VOYvD-kerR204k0WrR0J3A,Joe,759,2007-03-27,0,2,1,14,None,3.33,1,2,0,5,0,8,16,2,2,3,3
cEgEOdesRvbOp27IHZPfDw,Fahd,26,2007-02-22,0,0,0,0,None,3.82,0,0,0,0,0,0,1,0,0,1,0
CcUV3ex2gREGYPuqHj_SSw,Tony,59,2007-06-06,3,8,2,2,"2008, 2007",3.68,1,2,1,1,1,4,6,2,2,0,0
gIDXC3PnnilTwpyXujQ5aw,Kim,67,2007-03-16,17,23,9,6,None,3.56,1,3,0,0,0,5,0,9,9,0,0
s8v5KKrZShVK29M4XP8Q3A,Raymond,118,2007-02-14,2,2,1,7,"2016, 2013, 2014, 2015, 2017",4.08,4,2,0,0,0,6,8,2,2,7,2
Xr_wd1hd48ZzVia1Um3fOA,Kathy,3,2007-01-18,0,0,0,0,None,3.0,0,0,0,0,0,0,0,0,0,0,0
tSY0zZvpW4rOgTZEcBKJCw,Christine,59,2007-12-21,5,4,8,5,None,4.08,0,0,0,0,0,4,5,7,7,2,0
wS0kaJlCE8aW10cYcewlCA,mckay,7,2007-06-09,0,0,1,1,None,2.38,0,0,0,0,0,0,0,0,0,1,0
EE9txZm_zUFqWeYGVGaFNg,Wes,822,2007-05-18,16139,11042,15818,208,"2010, 2011, 2016, 2007, 2013, 2008, 2012, 2017, 2009, 2014, 2015",3.84,2006,177,127,276,42,1776,1966,3094,3094,259,328
GxuZ9hraP4DAGcgKig1QpQ,Rachel,132,2007-12-14,214,36,9,2,"2016, 2014, 2015",3.77,3,0,0,0,0,3,5,7,7,1,0
-vTPKCMyAszjf6jj8gX4fg,nico nico,4,2007-12-18,0,0,0,0,None,3.4,0,0,0,0,0,0,0,1,1,0,0
s2c7-9bqMhjA8POuKIHm8g,Alicia,880,2007-01-17,1778,722,2013,124,"2007, 2016, 2012, 2011, 2010, 2008, 2014, 2013, 2015, 2017, 2009",3.83,927,79,71,75,62,627,677,1067,1067,159,317
Qo_tDfEiCF0cOZ1Vp7MSgw,Ashley,256,2007-06-01,336,155,109,36,"2016, 2017, 2014, 2013, 2015",3.95,41,13,7,6,0,38,24,63,63,26,10
_TsTLX4huabB4mQf0Dx30A,David,41,2007-05-18,0,0,0,1,None,3.78,1,1,0,0,0,1,0,2,2,1,0
36TwWfrjSzrkWNmdqvPZzg,Jenn,78,2007-09-06,0,0,0,6,None,3.41,4,1,0,3,0,7,4,1,1,0,1
b2dP37DsvNeUXib1pwVNlw,Toothpick Vic,7,2007-04-27,2,0,0,0,None,4.14,0,0,0,0,0,0,0,0,0,0,0
Q2OqdQVwtQvTAidzheKk7g,Mary,124,2007-10-29,16,12,4,5,"2013, 2012, 2011",3.9,2,2,0,1,0,4,3,7,7,4,0
7d97fokQWfGHDpxKARXqOQ,Tina,27,2007-09-05,0,1,0,0,None,2.07,0,0,0,0,0,1,1,1,1,0,0
fcVAMgBXXLhQI7g3tGUQEQ,Natalie,7,2007-04-13,4,2,2,0,None,4.0,0,0,0,0,0,0,0,0,0,0,0
6l4NtKKXLy-GzgAVHzxGqA,Adam,5,2007-12-13,3,0,0,0,None,3.57,0,0,0,0,0,0,0,0,0,0,0
YoIcoP8zV6HJaJyV922QVw,Chris,443,2007-01-26,18,3,8,7,None,3.54,1,0,0,1,0,8,4,10,10,1,0
Jm_rOB-P3w1_EOhvE2yQtg,Seth,7,2007-10-23,0,0,0,0,None,3.57,0,1,0,0,0,0,0,0,0,0,0
bBfFWhPxKT9zVP1nbwZabw,Kristina,72,2007-12-14,65,3,0,2,None,3.32,0,0,0,0,0,1,1,5,5,2,0
rGyazeOmUoeXWo7RKCwc6Q,Ricardo,8,2007-07-24,0,0,1,0,None,2.88,0,0,0,0,0,0,0,0,0,0,0
ZUshQggw07Px9kuYkKhrlA,John,12,2007-10-29,0,0,0,0,None,3.62,0,1,0,0,0,0,1,0,0,1,0
-MOaJxx3F__ZFABQvg1cOg,Roxana,26,2007-05-15,4,0,0,0,None,3.85,0,0,0,0,0,0,0,2,2,0,0
31Qv8qajdaAqEDbLn2ppwA,CJ,19,2007-07-25,0,0,0,0,None,3.5,0,1,0,0,0,1,2,2,2,1,0
el96adxA3vnZHfNdC0IocA,D,186,2007-11-19,128,63,43,2,None,3.51,2,1,0,0,0,9,4,4,4,2,1
dIHn7bJ7vH-EWNrb6ZLwBA,Ross,67,2007-10-11,19,9,3,1,None,3.68,0,0,0,0,0,1,1,0,0,1,0
LuO3Bn4f3rlhyHIaNfTlnA,Richard,356,2007-01-04,507,398,411,46,"2010, 2008, 2007, 2009",3.57,206,21,11,20,6,105,254,286,286,70,5
e3_ZtVLF7a91UbvnM-bwvg,Gillian,26,2007-07-16,1,0,1,1,None,3.95,0,1,0,0,0,1,0,2,2,0,0
Lx5jVCom4-Y0k8duYbEhnw,Karrey,41,2007-12-04,3,1,0,4,None,4.05,0,0,0,0,0,0,0,1,1,1,0
1tPEHTzNoPVOksewNF137A,Rachel,280,2007-03-19,14,7,1,13,"2011, 2015, 2014, 2008, 2010, 2009, 2016, 2012, 2013, 2017",3.75,4,8,1,0,0,5,16,14,14,4,1
cOCz0w86BNmOTVgZFNh-IA,Jasmine,3,2007-09-12,0,0,0,0,None,3.0,0,0,0,0,0,0,0,0,0,0,0
DQYMtGFO1-DUGB0yX3a4Qg,Alicia,515,2007-03-06,194,46,33,24,"2013, 2011, 2017, 2010, 2012, 2015, 2014, 2016",3.89,10,4,8,1,3,16,13,23,23,7,4
_MHevgUUu9uuzwgVhYOt1A,Richard,208,2007-03-02,989,420,925,78,"2008, 2007, 2009, 2010",4.07,110,29,12,23,3,232,242,233,233,72,13
gTzR8sSyMWzzF1RalPOENw,Jaime,31,2007-10-11,16,6,2,1,None,3.14,1,0,0,0,0,0,1,4,4,3,1
xYTFTVJT_UinKSP0XaU-cQ,Tina,16,2007-05-05,0,0,0,0,None,4.88,0,0,0,0,0,0,0,0,0,0,0
hcoaYLGhJdLfoyQoL6PmYA,Kaj HeGe,75,2007-10-06,4,0,0,1,None,3.72,0,1,0,0,0,0,0,4,4,0,1
mevL4IyW7m-4ymKU5BWccA,Hsin-yi,29,2007-05-24,11,2,0,1,None,4.1,0,0,0,0,1,1,0,0,0,1,0
Oym_qUXeDfMF2WBT9vuuug,Christopher,21,2007-11-13,7,7,1,2,None,2.25,0,1,0,0,0,4,0,1,1,0,0
vDFxETtbHov8it8R5IBkAQ,DerFeinschmec,3,2007-01-22,0,0,0,0,None,5.0,0,0,0,0,0,0,0,0,0,0,0
FjoQKISq070LqZlnA-96Zg,Jeff,68,2007-01-18,202,101,41,0,2010,3.57,0,0,0,1,0,3,2,3,3,0,0
6ZR7HuUpHk_NQNs0dT0oLg,Beverly,388,2007-03-12,233,260,154,117,"2013, 2010, 2011, 2009, 2012, 2008",3.57,263,9,21,44,10,88,117,169,169,35,65
V00q0cPbzSxymoFeGcV62A,Casia,157,2007-04-27,134,70,74,6,None,3.4,3,5,1,1,0,6,4,7,7,0,0
hdOscA40n2ZFw728nm-9Qw,L,21,2007-06-20,1,0,1,1,None,4.52,0,0,1,0,0,1,0,0,0,0,0
n-DehtBwQ79dJnFY9BQseQ,Amy,55,2007-12-13,0,0,0,10,None,4.31,3,1,1,0,1,2,1,2,2,3,0
JNxHBg7KU1QDEOprMYNaIw,Tessa,34,2007-10-12,11,6,1,0,None,3.44,0,2,0,0,0,0,1,1,1,0,0
A17dnfOvp3UeYPMUYLCFDQ,Rachael,41,2007-11-04,10,4,6,0,None,3.88,0,1,0,0,0,1,0,0,0,0,0
e53RP4gmdVprMPiH8reKBw,Amy,470,2007-03-26,418,429,258,23,"2010, 2014, 2011, 2012, 2008, 2007, 2013, 2009",3.86,22,5,2,3,3,23,32,55,55,6,1
tohwQVDFu4Wn2zj4aqQBiA,Christina,26,2007-06-11,37,24,21,0,None,3.37,0,0,0,0,0,0,0,0,0,1,1
dcqq74Gin5lXe0aEnhpq_Q,zippz,1,2007-11-03,0,0,0,0,None,5.0,0,0,0,0,0,0,0,0,0,0,0
__d3AvbtFvdKFPEgQlYQaQ,Jason,297,2007-07-19,6,5,5,6,"2007, 2009, 2010",4.1,3,3,1,2,0,8,5,10,10,2,2
0qAGcdV_Q9BJo3y3oJBKeA,Jason,18,2007-12-27,5,0,0,1,None,3.23,0,0,0,0,0,0,2,0,0,0,0
JvGTmwEIVacjNIJ2ENOmMw,Sofia,48,2007-11-19,4,6,0,1,None,3.11,0,1,0,0,0,2,3,2,2,3,0
IowMQuIh0KkFa_a_plAIRQ,Dustin,80,2007-12-23,190,54,43,7,None,2.71,2,1,0,0,0,11,4,0,0,1,0
r9jimo2ApyIQNMhQKvMkHA,becki,146,2007-07-12,158,78,83,25,"2009, 2008, 2007",3.83,23,4,3,13,1,34,39,55,55,4,8
BJIhb2jtpvV_Ivhq46aqnA,Laura,84,2007-02-01,6,5,4,2,"2016, 2015",4.5,2,0,0,0,0,1,4,6,6,3,1
JvQRbZYdMGuuDqTArles2g,Scott,727,2007-06-27,1447,192,75,44,"2015, 2011, 2017, 2012, 2010, 2014, 2016, 2013",3.45,37,10,10,0,0,35,45,48,48,19,12
y32kWUAt4oeeQaWIhAEsaA,schlec,1,2007-02-09,0,0,0,0,None,5.0,0,0,0,0,0,0,0,0,0,0,0
A1SLyyNshzM090R-TAW5pQ,B,3,2007-08-27,3,0,0,0,None,3.67,0,0,0,0,0,0,0,0,0,0,0
iooQHYUnDC0JnaCl0hZ9gQ,Danny,22,2007-03-08,1,1,0,0,None,4.95,0,0,0,0,0,0,0,0,0,0,0
5IU22Ivip73YP0aGDQqIEg,Julia,131,2007-10-01,134,69,12,12,"2010, 2012, 2011",4.19,8,0,0,3,0,5,15,11,11,9,2
9-oHQNt__6fEWkZ9m8aPNQ,Billy,71,2007-12-13,2,1,2,1,None,3.18,0,1,0,1,0,3,0,4,4,1,0
X8gYoYdM59uK2BCb42rsSg,Joanne,17,2007-07-16,1,0,0,0,None,4.0,0,0,0,0,0,0,1,0,0,1,0
BaP7cjeAP5UWW2zGXooiWg,Charlene,58,2007-03-27,28,6,3,25,None,3.35,11,1,0,3,0,8,17,16,16,5,35
On_1ZwRgD2Ry0eoKYC29iQ,Bennett,213,2007-06-27,9,7,10,15,"2010, 2011",3.54,16,16,5,0,0,8,5,27,27,14,3
nD3yNK-j6_a8mqQnFk5lKw,Joe,8,2007-06-26,0,0,1,0,None,3.38,0,0,0,0,0,0,0,0,0,0,0
T94d9159344dGyxpRhfvuw,Mary,73,2007-09-27,0,7,3,2,None,4.05,0,1,0,1,0,2,3,5,5,2,0
NPAS7dOsQ3bG6jyDg9XW9Q,Dan,10,2007-04-19,0,0,0,0,None,4.0,0,0,0,0,0,0,0,0,0,0,0
IDuBHrBIU2U_n9YGtZze5A,Johan,66,2007-03-23,15,0,1,6,None,4.9,1,0,2,0,0,1,2,0,0,1,0
_fve2DDscsVRkkJ0wb4BiA,Amy,139,2007-10-12,2,1,1,4,None,3.77,1,1,0,1,0,6,4,3,3,0,0
ind3vSByAS2KBL0Lioy0wg,Craig,63,2007-09-13,9,14,1,0,None,2.44,0,0,0,0,0,2,0,1,1,1,0
2wAK8HRelMku0NVL_rlylQ,Steve,11,2007-05-04,5,0,1,1,None,4.45,1,1,0,0,0,0,0,0,0,0,1
gtkJMWDfspFAnmX8ENPMtQ,Tulie,390,2007-06-03,387,270,69,33,"2008, 2009, 2012, 2011, 2010",3.46,219,16,3,30,2,117,182,151,151,17,9
7F8hSTP0neV1JRpDEqB-JA,Brian,3,2007-05-22,1,2,0,0,None,3.0,0,0,0,0,0,0,0,1,1,0,0
BHlSZMdyjAUQp0yIEHz05g,Taj,57,2007-08-24,12,2,0,2,None,3.71,1,0,0,0,0,0,1,1,1,1,0
NbperQjpoFMMsRKZJAB0yA,Damon,170,2007-12-13,183,72,50,9,None,3.8,0,1,4,0,0,3,3,6,6,4,1
QGhCOlDp6xauvdBGbp92lg,Susan,124,2007-12-18,3,1,0,3,None,3.88,1,0,1,0,0,4,3,2,2,0,0
dbF1zaSsH00LV1-di86oNg,Meredith,170,2007-09-04,109,72,105,12,"2013, 2009, 2010, 2012, 2007, 2008, 2011",3.97,22,5,0,6,1,12,18,27,27,10,1
kcLuh-ck_Zj07TsodaaNUA,Ferdinand,647,2007-05-14,16,9,3,84,"2009, 2007, 2015, 2010, 2008, 2011, 2012, 2013, 2017, 2016, 2014",3.71,54,14,4,2,3,43,80,98,98,32,3
4S3mpcDFkynfhAx8BQc4uQ,Spuse,2,2007-09-16,0,0,0,0,None,1.5,0,0,0,0,0,0,0,0,0,0,0
47g5fVB8G_K_JM_Z7JeDFA,Josh,16,2007-09-12,0,0,0,2,None,3.38,0,1,1,1,0,0,0,0,0,1,0
AWY1-VuL-qmVEec__tRa7Q,Jessica,47,2007-09-01,0,0,0,1,None,4.04,0,0,0,0,0,1,0,0,0,0,0
iF0tfua0q4DHge6xwcbDVw,Rob,1,2007-06-11,0,0,0,0,None,5.0,0,0,0,0,0,0,0,0,0,0,0
gfEC3NR-5nr_QN5BgprgyA,Charlie,44,2007-01-25,0,1,0,1,None,3.82,2,0,0,2,0,2,5,8,8,0,1
PgryD2Qpi3_BsG1YsK12NA,Pat,14,2007-07-16,20,0,0,0,None,2.87,0,0,0,0,0,0,0,0,0,0,0
sJtUomssClT750zFXODwZA,Jenny,312,2007-11-17,171,82,83,28,"2011, 2009, 2010",4.31,32,3,2,9,5,7,37,27,27,18,4
ah-SUy37DwmZe2wcyrRf5A,Steve,55,2007-04-11,15,1,5,1,None,3.61,2,1,0,0,0,0,2,3,3,1,0
qSh-q8M-rL4PRVukXsDwWg,Ellen,228,2007-12-28,52,27,27,43,"2016, 2017, 2015",4.13,36,2,6,3,0,13,17,30,30,25,38
QRh8Mt2YZyrAV5zMBxsunQ,Shianne,42,2007-12-08,4,2,4,5,None,3.59,2,1,0,0,0,1,2,1,1,0,0
rs7_ZwMYgK0TRpg5SW3PTg,Daniel,163,2007-02-13,80,48,18,6,None,3.85,1,2,0,0,0,5,5,3,3,3,0
dDJLYzlBcQoLax-vtVU7kA,Sheri,22,2007-04-30,0,0,0,3,None,3.41,1,0,0,0,0,0,3,2,2,0,0
ZwgEBK_HxIz-NNwNqBQYgA,Jim,27,2007-07-16,40,26,9,0,None,3.52,0,0,0,0,0,0,1,0,0,0,0
zDlLy4jhL2fVgW5pWtml5g,Paola,13,2007-03-26,4,0,1,0,None,4.73,0,0,0,0,0,0,0,0,0,0,0
Kmiu0dzeWTBbp_HZomF5KQ,Diana Lyn,239,2007-08-16,12,10,5,24,"2010, 2011, 2009",3.68,9,2,4,0,0,23,22,25,25,11,3
EcBA3IWe4S8UXqJZySQfeA,Won,110,2007-03-14,4,0,3,2,None,3.64,0,0,0,0,0,1,0,0,0,0,0
yvHJATNRrX79_5fzKoF31A,Tina,36,2007-04-10,2,0,0,2,None,3.6,0,0,1,0,0,0,0,1,1,0,0
_5E6bSgvWCrUTyYqB6DYIQ,Allison,380,2007-09-11,89,57,78,16,"2009, 2012, 2008, 2011, 2010",3.78,14,2,1,2,3,10,15,34,34,10,3
deJ8rnTplJnklOrKYgo7Bw,,76,2007-11-07,0,0,0,0,None,3.83,0,0,0,0,0,0,0,0,0,0,0
82J6Xj7eTlbF6K4rePV-Qw,cherry,16,2007-12-05,5,3,10,0,None,4.12,0,0,0,0,0,0,8,2,2,0,0
ymCI5i5H-bjgtHovvRfRRQ,Lola,110,2007-02-16,27,12,16,3,None,3.85,1,3,0,0,0,4,4,1,1,0,0
Ws5ENOCfktcYYpVXwrpGiw,Christine,62,2007-04-03,0,0,0,2,None,2.56,1,0,0,0,0,0,0,0,0,0,1
ALct0XFqn0xGfh7iWTugoA,Jennifer,223,2007-07-29,49,99,45,23,"2015, 2011, 2013, 2014, 2012, 2010",3.15,10,2,3,5,1,15,11,15,15,14,5
UHVARXLAJKZk_D4J72S2Gg,Jessica,39,2007-08-28,13,5,2,3,None,3.2,0,0,0,0,0,0,2,3,3,0,0
1Xjk4HeiZpQ8Xa5PBG6cng,Danny,284,2007-03-18,717,717,678,47,"2008, 2009, 2010",3.62,465,61,52,17,21,224,309,490,490,74,53
8l9DUakI_DVh8RyGzEmY3g,2th,13,2007-04-08,0,0,0,0,None,4.15,0,0,0,0,0,0,0,0,0,0,0
MksANvohwwT7uLoHX228CQ,Kimberly,40,2007-05-24,49,26,38,0,None,3.59,0,0,0,0,0,1,4,1,1,0,1
kIE0t1BWudxdU25nr_HowQ,calypso,37,2007-08-20,84,3,6,0,None,3.05,0,0,0,0,0,0,0,1,1,0,0
vAfCCm-sJ-fZCi6PrC38Uw,Thomas,77,2007-11-28,15,14,8,0,None,3.38,1,0,0,0,0,2,5,2,2,0,0
mJxn2hRVfEMaFlE1pAcCRQ,Lila,180,2007-08-19,89,120,15,6,None,3.29,5,1,0,0,0,1,15,7,7,1,1
Lh6nGSR3xi4_tpJRUU0Kgw,angel,24,2007-06-13,0,0,0,2,None,3.67,1,0,0,0,0,2,0,0,0,1,0
N1yra7f04sSOk5zuW5rdMw,David,143,2007-09-03,168,29,10,4,None,3.25,0,0,0,0,0,0,4,1,1,1,0
vdT7KQjgZigL_lWAUQV3sw,Ryan,90,2007-10-20,170,132,130,8,None,2.54,0,0,0,0,0,8,4,5,5,1,0
mDW0y1UVSfXSPRaMHp-nhg,Robert,3,2007-01-10,1,0,0,1,None,2.33,0,0,0,0,0,0,0,0,0,0,0
HhJsPUAtppST2WkazCkj1Q,Joe,42,2007-02-16,86,32,24,0,None,3.48,0,0,0,0,0,0,0,0,0,0,0
XHwToYuHdoqwUk3bKKW7ZA,evelyn,33,2007-10-14,0,0,0,0,None,4.65,0,0,0,0,0,0,0,1,1,0,0
t53Pd4VnQir6qq6WCVovZA,Bill,19,2007-09-06,0,0,0,0,None,3.24,0,0,0,0,0,0,0,0,0,1,0
DpN8WTwka67KZ5Y8BG57rA,Deborah,77,2007-06-19,69,46,12,9,None,4.12,3,1,0,0,0,3,6,6,6,3,1
UpMTSX253d01OPY-3-sjEw,Dallas,409,2007-02-26,1129,1151,587,56,"2011, 2014, 2012, 2013, 2017, 2008, 2010, 2016, 2007, 2009, 2015",3.85,455,30,36,57,19,152,487,397,397,56,48
fU-3UXEpQB_3f1Ee11OOJg,Michael,60,2007-04-27,5,2,0,4,None,2.74,1,0,0,0,0,1,3,3,3,0,2
mzg_wTKzxflXwiKdPw1K8g,Jen,16,2007-02-12,3,0,0,0,None,3.79,0,0,0,0,0,0,0,0,0,0,0
UgeCWmsZsKi5B6922EUCNQ,Michael,36,2007-11-11,29,9,5,1,None,3.76,0,1,0,0,0,0,0,1,1,1,0
4qJME-01inmlf4ysMKPeNg,Alison,742,2007-02-11,735,457,884,42,"2016, 2014, 2012, 2010, 2017, 2011, 2009, 2015, 2008, 2013",3.64,27,7,1,4,3,35,63,72,72,28,3
OPesgTXlqO0KhVoQ_Ml0Pg,Rebecca,6,2007-03-01,1,1,0,0,None,4.14,0,0,0,1,0,0,1,0,0,0,0
GrfLyxsV1gwi6xRGc7iqpw,Scott,63,2007-11-09,4,0,0,0,None,4.24,0,0,0,0,0,1,2,2,2,1,0
41pOCnSN4N_LnEUhwEVHmQ,Michael,173,2007-07-06,288,208,178,4,"2008, 2009, 2010",3.46,5,3,0,1,2,4,7,26,26,7,1
FK_JfGRA_r0HwqDQ_-KTVA,Paul,197,2007-12-26,210,29,80,2,None,3.74,1,1,0,1,0,3,6,2,2,1,1
d_2l_OIjwD4nU1JTXticoQ,Ross,123,2007-08-19,31,6,3,1,None,3.99,1,2,0,0,0,1,1,2,2,1,0
J-keuXQ0pKQIiNDHZ8A79A,David,47,2007-08-13,10,4,0,0,None,3.35,0,0,0,0,0,1,0,0,0,0,0
8OvOiyAMrjfIx5bmWNSCyA,Melissa,151,2007-12-23,1,2,0,6,None,3.67,3,1,0,0,0,2,1,1,1,0,1
vq8xsnkOhno9FBVhTCmAvw,Michael,47,2007-04-24,15,1,13,1,None,3.08,0,0,0,0,0,1,1,1,1,1,0
m0Y-RYpbbGZ4004RvruphA,Katie,85,2007-11-02,52,52,48,6,None,2.97,0,0,0,0,0,1,1,0,0,3,0
GW5pn_Fgp52xseU7SLDLOA,Eliz,105,2007-06-01,1,1,0,12,2010,3.68,2,1,0,0,0,2,2,4,4,3,0
GFkDRbR4n-TstOIuFn25Og,David,203,2007-04-20,44,34,10,1,"2017, 2016, 2015",3.5,0,2,0,0,0,4,7,7,7,6,0
bzcOXdBlpC75TV8TXBcmfQ,Phil,40,2007-12-08,237,25,31,1,None,3.65,0,0,0,0,0,1,3,0,0,0,0
ZDTGCS7VuneQV0GqA0Q4CQ,David,13,2007-02-10,0,0,2,0,None,2.75,2,0,0,0,0,0,0,0,0,0,0
n0PHhBa-1ni6BDgrxulBmg,Jackson,38,2007-11-10,4,6,0,0,None,4.13,0,0,0,0,0,0,0,0,0,0,0
aIqtnxoopMTWARZNCqlY1w,Eli,225,2007-07-04,5,19,8,15,"2008, 2012, 2011, 2009, 2010",3.32,13,1,0,5,0,8,11,18,18,4,4
Rt-zkT0FWn-6stsnm5rqDA,Beth,4,2007-05-14,0,0,0,0,None,3.0,0,0,0,0,0,0,0,0,0,0,0
bl7HCIPF-hY8rj1iQwXqKg,Mark,12,2007-05-25,0,0,0,0,None,3.67,0,0,0,0,0,0,1,1,1,0,0
whnyrr4ePL4kjQUoziRbMA,Anne,4,2007-01-02,28,2,10,0,None,4.0,0,0,0,0,0,0,0,0,0,0,0
1k4AhIt8Wf0rvf33l-uGZA,rebecca,6,2007-12-08,1,0,0,0,None,4.5,0,0,0,0,0,0,0,0,0,1,0
vXkeRxN1i8Kfkg1xQO9HUg,Jonathan,95,2007-07-17,55,29,4,4,"2009, 2008",3.4,1,0,0,0,0,6,4,7,7,2,0
55-3OgwK-bnamDhfEHpvNw,Claudia,39,2007-10-15,0,0,0,0,None,3.03,0,0,0,0,0,0,1,0,0,0,0
VYE1bhIEkXnWoojU77uF4Q,bluesk,0,2007-06-10,0,0,0,0,None,3.83,0,0,0,0,0,0,0,0,0,0,0
AXJuXLwoZ30bGkzHY5SEFA,Alexis,239,2007-10-18,3,0,0,8,"2010, 2008, 2009",3.15,2,1,0,0,1,5,6,5,5,2,2
D2hljTWETkiJoOAZ9K1QkA,Lola,262,2007-08-05,427,275,154,8,None,3.06,1,0,0,0,0,6,1,1,1,1,0
LzXU2nvlfCAc8Y7-NnaJ4g,Ryan,25,2007-07-26,15,12,11,1,None,3.35,1,0,0,0,0,2,1,0,0,0,1
vVEowpPzrXehovi0WUw64Q,Ashley,68,2007-11-12,1,0,0,1,None,4.16,0,0,0,0,0,1,0,1,1,0,0
7RLD1Bk44QeaM8wAABXH0A,Stephen,55,2007-02-04,1,0,3,0,None,3.91,0,0,0,0,0,1,1,0,0,1,0
qszI0AbfaCIeS6GDMOP_DQ,Krysten,31,2007-07-05,26,4,2,1,None,3.62,0,0,0,0,0,0,0,0,0,1,0
gfSKy3BH7nNRzZMMiuDKZA,Sue,66,2007-08-11,19,0,5,1,None,3.43,0,2,0,0,0,1,2,1,1,1,0
RG0k1XTjy2FDeuQCif0mwQ,Elliot,94,2007-10-30,2,2,2,5,"2009, 2011, 2010",3.85,3,3,0,0,1,7,1,9,9,3,2
KZYByy2aD1lPfvVQcyOJmg,Scot,261,2007-12-11,0,0,0,8,None,3.25,1,1,0,0,0,6,8,1,1,1,0
n5j5Za0R_fPUCnCjIiyyWA,David,449,2007-05-10,4033,3320,3989,107,"2008, 2012, 2010, 2009, 2011, 2007",3.73,754,61,68,182,33,468,463,822,822,152,108
VacH2SF3d4DbQtQljkf9kQ,Mark,9,2007-05-09,4,1,0,0,None,3.78,0,0,0,0,0,0,0,0,0,0,0
PLYOOIeRNYewOhU_btxfDA,Jenn,112,2007-10-10,242,12,39,3,None,4.34,4,0,0,1,0,5,6,1,1,1,1
LSZ4ANWY6e-UJrW-4lROGg,Martha,21,2007-07-17,14,8,3,2,None,3.63,1,1,0,1,0,1,1,2,2,0,0
sBUBgRwBUH5vp6amVPgyeA,Emily,22,2007-12-14,9,2,1,2,None,4.13,0,0,0,0,0,1,1,0,0,0,0
U1rrwjaLhWfgqrGxNzIbtQ,Cor,18,2007-12-11,51,10,2,1,None,4.44,0,0,0,1,0,0,0,1,1,0,0
M6ceu8Yqi13TEEQ8XuGnZQ,Gerard,175,2007-04-14,7,4,4,1,"2009, 2010",4.0,1,1,0,0,0,3,1,5,5,0,1
cO29gBJx1ZBWWhw_5CincQ,Stephanie,296,2007-04-04,85,65,66,40,"2011, 2013, 2010, 2014, 2012, 2009",3.95,209,14,10,21,0,48,114,167,167,73,32
DllRWeNy9h1vvWpFDzZNtg,greg,40,2007-02-16,19,1,2,4,None,3.95,3,4,0,2,0,2,4,0,0,1,0
wrPn5ju_z59er4B90a2tkw,Thomas,23,2007-04-21,49,42,13,2,None,4.0,1,1,0,0,0,0,0,3,3,0,0
iYq6DulDccjqMIkzQOtRkw,Daniel,102,2007-02-25,4,2,2,4,None,4.67,0,2,0,0,0,0,0,1,1,2,0
mVR0c2znieqW2qVB_CFbUw,J-Bobz,125,2007-06-12,16,13,6,6,2013,3.04,2,2,1,0,0,3,4,3,3,2,1
vX95U4TzVssXKPAiH9dfbA,Jeff,32,2007-02-13,38,2,8,0,None,3.29,0,0,0,0,0,0,2,0,0,0,0
FF5PuMO62WIoOM-WlfoKDw,Melissa,35,2007-08-03,46,2,6,2,None,3.77,1,2,0,1,0,0,1,1,1,0,0
Py1GdHDxA8IYGLkJw-KGtA,Dennis,44,2007-08-13,18,5,4,0,None,4.58,4,0,0,1,0,2,2,7,7,3,1
60xK0GNdGv0EcaLmmjeZpA,Anna,45,2007-08-11,56,15,12,1,None,3.04,0,0,0,0,0,0,0,1,1,0,0
bdZLmvZg7ibzD0YbLfru6A,Ren,446,2007-10-08,22,13,10,8,"2013, 2012, 2014, 2010, 2011",3.62,4,0,2,1,0,4,7,24,24,5,1
JzmJ6U20uJ9pZonwKGvMuA,Joshua,493,2007-04-02,412,458,425,47,"2007, 2016, 2014, 2008, 2011, 2013, 2010, 2012, 2015",3.82,57,14,2,16,3,54,82,104,104,35,16
A3A5KTNfqCF0lgRgasEXUg,Larry,136,2007-11-20,0,1,0,7,None,4.11,1,3,1,0,0,0,2,3,3,1,0
ol9v6Lo6ZNIaFLOf6PNFyw,Darius,3,2007-05-10,2,1,0,0,None,4.67,0,0,0,0,0,0,0,2,2,0,0
Lfv6uMt-H3kyMdddscgUnw,hong,7,2007-08-13,0,0,0,0,None,3.14,0,0,0,0,0,0,0,1,1,0,0
UBFguvSoxT1a10j9M_Gx4g,Patrick,104,2007-01-12,19,12,7,5,2008,3.48,0,4,1,0,1,3,2,3,3,4,0
ign-wXfFvXhgqYVTbxV3aA,Mehran,475,2007-05-08,213,40,9,34,"2016, 2015, 2013, 2014, 2017, 2012, 2010",3.39,27,10,8,1,0,37,145,38,38,23,12
0_dLB7aYv_yCRg13g3cs0g,Samantha,17,2007-04-25,1,0,0,2,None,4.0,1,3,0,0,0,1,0,3,3,0,1
hh-DdaRbiZ1xYOOg5vlEKQ,borusse,2,2007-04-02,0,0,0,0,None,5.0,0,0,0,0,0,0,0,0,0,0,0
Cuk2vdOMwTz71NjBuCF0Mg,Jamie,757,2007-05-26,1651,1009,1157,90,2008,3.74,129,12,8,14,4,86,125,124,124,29,7
5YNI7PbVChhC0Id2gCRvRg,Maria,1,2007-06-14,1,0,0,0,None,4.0,0,0,0,0,0,0,0,0,0,0,0
LlFFUfxzdoAAgILzZbD8Fg,Kathleen,610,2007-11-26,319,394,108,49,"2008, 2009, 2015, 2017, 2010, 2014, 2012, 2013, 2016, 2011",3.87,173,10,10,11,6,102,192,228,228,44,12
9XXfAiNxqeg03uVR1oiLaA,David,17,2007-11-01,0,0,0,0,None,4.47,0,0,0,0,0,0,0,1,1,0,0
QRy9gMQx1plkCYzjbcUjBg,john,5,2007-04-28,1,0,0,0,None,2.5,0,0,0,0,0,0,0,0,0,0,0
krnugVHSYbbYBYCy77G1Ow,SJ,99,2007-07-04,25,23,8,2,None,3.11,2,0,0,0,0,1,2,1,1,6,0
8sAGXoMY7I9quLmCO1F8ZQ,Jeff,601,2007-05-02,437,205,473,33,"2016, 2012, 2015, 2008, 2009, 2017, 2011, 2014, 2010, 2013",3.98,17,11,3,0,0,28,33,45,45,22,2
vcOtDqQ2Cc731kFjklFeBg,Tiffany,695,2007-04-06,1035,904,138,94,"2016, 2011, 2014, 2013, 2017, 2015, 2012",3.41,114,7,10,17,5,107,184,144,144,98,17
i87Xp175_ByxRbw-lLxuKQ,Chad,84,2007-12-16,1,0,0,3,2010,3.69,0,4,0,0,0,0,0,3,3,0,0
VjpLGiNiV9kh1qqc4gw2nw,Charlie,6,2007-01-08,2,0,0,0,None,2.33,0,0,0,0,0,0,0,0,0,0,0
J19WvTalSBnnNRzi4zCbQw,jackiebr,18,2007-11-08,0,0,0,0,None,3.94,0,0,0,0,0,0,0,0,0,0,0
A-yZinR75VB0eYM8dJYpIQ,Heather,83,2007-09-08,105,104,109,6,"2009, 2010, 2011, 2008",4.44,63,3,0,3,0,13,28,58,58,17,1
XukXFHDqO8UH7KY43MHp_w,Daniela,3,2007-10-09,0,0,0,0,None,5.0,0,0,0,0,0,0,0,0,0,0,0
edZ6kTxithgtctw1crIkBA,Liza Faye,229,2007-04-26,4,4,1,2,None,4.41,0,0,0,0,0,1,0,0,0,0,0
v-gCiEr8vr9JnMkkR5Uq_A,Audrey,215,2007-07-27,2380,1105,1300,17,"2014, 2016, 2013, 2011, 2015, 2012, 2017, 2010",3.52,72,7,3,2,0,53,146,91,91,43,1
BBLpIfJSBQPKT-KgcUm6Zw,Jodi,31,2007-04-01,1,0,0,2,None,3.58,1,0,2,0,0,0,0,3,3,0,0
UxVHvnkbI8zRnKyjyvkkvw,JDizzle,30,2007-09-28,3,3,3,1,None,3.78,2,0,0,0,0,3,3,0,0,1,0
80pS_zi3x4UPByoQsVb0ng,Gerry,236,2007-05-26,1043,158,13,8,None,2.67,2,2,1,0,0,20,10,6,6,5,1
so51RkiGUjB9JHYJHTAbyw,Lily,52,2007-11-26,18,0,5,4,None,3.22,1,1,0,0,0,1,1,4,4,0,0
1iwGJ5EzUP8khphfVuEmrA,Michele,1,2007-10-02,0,0,0,0,None,3.0,0,0,0,0,0,0,0,0,0,0,0
cEFRQxkOX0cic8lCOu7K3w,asdfa,2,2007-10-20,0,0,0,0,None,4.5,0,0,0,0,0,0,0,0,0,0,0
fqIBIYbQKssiVQMR-RIPSg,Norman,30,2007-08-26,3,0,0,0,None,3.87,1,0,0,0,0,0,0,0,0,0,0
11rFC3JCSIdonVID3F-Gkw,Scott,125,2007-12-30,76,3,3,1,2017,3.78,0,0,0,0,0,2,2,0,0,1,0
gp5CNtfxX_GeFyr7YyoMHg,J.,7,2007-11-28,2,0,0,0,None,4.29,0,0,0,0,0,0,0,0,0,0,0
ZZgY8BMke-iEaxY1L77eRA,Teresa,160,2007-02-10,151,4,3,9,None,4.68,3,2,1,3,0,3,7,7,7,3,0
1rOZYzDVR7GzWeLAvx06xQ,Suzanne,29,2007-01-11,6,0,1,1,None,4.83,0,0,0,0,0,0,0,0,0,0,0
6YYpJ59jfFCUHkGOpu2NTA,Autumn,368,2007-06-08,66,30,10,11,"2015, 2017, 2016",3.91,2,1,0,0,0,7,11,11,11,5,0
vwiMwWKpYlLx63cC_49iMA,A,110,2007-02-15,16,0,0,3,None,3.22,0,1,0,0,0,0,2,0,0,2,0
jHKZ-q2MRHej1BwYemAGng,Gregory,80,2007-12-14,43,1,1,7,None,4.0,0,1,0,1,0,1,2,5,5,2,1
gtkLZArDCpFV76cR2bmScw,Tracey,56,2007-03-12,110,73,24,2,None,3.81,3,1,0,0,0,3,5,1,1,3,0
C9p6U8E_2cgpv15EweaSUw,Tracy,36,2007-08-01,0,2,2,3,None,3.78,2,2,0,0,0,1,0,4,4,0,0
VlYd7Ys6DWGLYwmO64F6Yg,Jolyn,455,2007-07-03,4837,685,2456,63,"2011, 2012, 2008, 2009",3.89,52,15,4,18,5,59,56,85,85,28,17
m_otGxNveCBeRSMPBPOuRQ,Nathan,28,2007-03-15,5,1,0,2,None,4.29,0,1,0,0,0,0,2,4,4,1,0
E0W8eJmP2b3Sp2vsyrruEQ,Neetu,70,2007-12-26,137,7,3,3,None,3.78,1,0,1,0,0,0,1,0,0,0,0
yauSuFScxL-fSsimkoN76Q,Kristen,689,2007-07-28,323,35,47,37,"2014, 2016, 2015, 2010, 2012, 2017, 2009, 2011, 2013",3.34,13,23,3,5,1,31,28,38,38,25,10
yeDyUprOMgKu-bMWhuK6Xg,Clodel,62,2007-06-02,10,1,0,2,None,4.46,0,0,0,0,0,2,2,3,3,1,0
ukufz-1z45IUMxfy55LYzw,Teresa,56,2007-07-15,11,0,0,4,None,3.95,0,1,0,0,0,0,1,0,0,3,1
ly2705t_JXdEKkcAT-e8ew,Stephanie,38,2007-07-07,4,3,1,3,None,3.56,0,0,0,0,0,2,2,0,0,0,0
tedYevgiL2fBqFMQKQy_jg,Amy,35,2007-12-30,0,0,0,1,None,4.33,0,0,0,0,0,0,0,1,1,0,0
-uBmDm-WLzhue5KQUiol9g,Scott,275,2007-07-24,229,203,153,39,"2008, 2011, 2010, 2009",4.04,107,23,8,6,9,49,161,161,161,20,5
0HENOjIlfGfB3C8Yqf0rtA,Allison,33,2007-01-30,43,20,9,4,None,4.09,1,1,0,0,0,5,1,2,2,2,0
mrTqyXRwajmjbBxi5QWZNw,antonio,4,2007-10-30,1,1,0,0,None,3.5,0,0,0,1,0,0,0,0,0,0,0
D2_DLHKvYK-lyIki4X-bow,Stephanie,50,2007-03-07,19,21,5,5,None,3.87,8,2,0,3,0,3,2,10,10,2,0
qlDv-1J8m_y7j4upjaNnwA,Mr.,108,2007-05-21,56,39,47,5,None,4.0,4,0,1,1,0,2,2,2,2,1,1
nl2zmTuXfAxRUHniVE1AtA,Kayla,17,2007-08-23,0,0,0,0,None,4.5,0,0,0,0,0,0,0,0,0,0,0
5D70M7ZBe4golsoU9fRJPw,Crystal,30,2007-04-03,34,22,8,3,None,4.09,0,1,0,3,1,0,2,2,2,0,1
R1mRI0GABUK0R7EO9Sc2yw,Eva,281,2007-03-01,170,89,35,29,"2009, 2008, 2007, 2016",4.04,32,3,3,24,1,25,38,43,43,7,8
iocrcb4vBOaP2oQlXtTo5A,Jennifer,22,2007-08-17,15,1,3,1,None,3.92,1,0,0,0,0,0,0,1,1,0,1
XgXOYXRAb9OEMzqK4puCKQ,Dave,26,2007-12-02,2,0,1,0,None,3.34,0,0,0,0,0,0,1,0,0,0,0
kFJbn2GmbAF_qaJR4fc5Fw,Chantel,139,2007-09-01,210,119,171,10,"2011, 2010, 2013, 2014, 2012",4.3,41,2,2,1,1,15,43,58,58,16,3
5QlxM1mbVioXRXbVjEnRUA,Henry,83,2007-08-09,6,5,5,3,"2008, 2009",3.83,0,3,0,0,2,5,8,6,6,1,0
pwodwHWdWu2KBr2t--Xs-Q,Ms.,5,2007-09-18,0,0,0,0,None,4.2,0,0,0,0,0,0,0,0,0,0,0
8yJwzY5kRfRTqg5UdoMAsA,Jeffrey,262,2007-12-03,141,92,54,7,"2009, 2011, 2010",3.74,14,3,1,4,1,21,15,17,17,11,1
3sBwgZwlReW5koErzBFhLw,Deirdra,86,2007-12-23,19,7,6,4,None,3.87,0,2,1,0,0,3,5,8,8,0,0
ugxck8saCnLS2GwLeSReEQ,Khanh,248,2007-07-18,757,709,741,16,"2008, 2010, 2009",4.04,100,10,0,16,3,30,55,113,113,32,3
zwhty_ZmxbHAHoDfMjNbag,Karen,503,2007-08-04,11,19,3,22,"2013, 2017, 2011, 2014, 2016, 2015, 2012",4.0,36,0,3,2,0,15,38,59,59,43,14
5ZsumqlAUtKqBGAhGD2Gdg,serbelle,280,2007-06-18,20895,20788,20799,116,None,4.07,2600,85,61,474,16,1012,1156,1125,1125,100,190
biey89DPbXAQCVdc4iR3pA,Beth,262,2007-09-29,19199,7485,12040,206,"2012, 2008, 2009, 2015, 2013, 2014, 2011, 2010",4.14,4298,174,207,245,23,1616,3294,5529,5529,775,627
PUfrbn2Ij-iyyOnM_EzQtg,Yvette,41,2007-01-22,53,17,16,15,"2007, 2008",3.9,13,10,1,2,0,9,13,10,10,8,3
8IQd8sdAxiKWnG9tO0YCRA,Kate,32,2007-07-13,1,0,0,1,None,3.18,0,0,0,0,0,0,2,1,1,0,0
umzBvCXZW0a9MpqDRQYNew,Courtney,18,2007-05-04,0,0,0,1,None,3.52,0,0,0,0,0,0,0,0,0,0,0
s3Z8yaT3eu2EvW7PZ0RTqA,Karen,27,2007-05-16,2,0,0,1,None,4.36,1,0,0,3,0,1,0,1,1,0,0
r0mxxThUOaUoT3aJwX0Dug,Nevin,62,2007-10-17,1,0,0,0,2017,3.76,0,0,0,0,0,1,1,0,0,0,0
L7LGouiLZYV49vW94rF4gw,Chris,13,2007-12-09,0,1,0,0,None,3.43,0,0,0,0,0,0,0,1,1,1,0
WbqMdZRi5FeBJHKvwtNhwg,Ani,779,2007-10-30,55,32,52,148,"2013, 2012, 2009, 2010, 2014, 2011, 2008",3.79,350,21,16,53,4,160,206,428,428,113,38
P0bOxXZ4c4WXur8QYKj84Q,Josh,22,2007-01-13,1,1,1,1,None,3.83,0,0,0,0,0,0,1,1,1,0,0
60WoDh6Iu9T5Mk-cK1Y8ug,James,92,2007-01-21,17,14,16,2,None,3.42,1,4,0,0,0,3,5,9,9,5,0
jQPQRfz2aX2XPdTW7AGObA,Marty,2,2007-07-25,0,0,0,0,None,3.0,0,0,0,0,0,0,0,0,0,0,0
reN-Y7lIjv3VW21I4Z8WHQ,Dave,312,2007-08-22,523,251,21,8,None,3.22,0,0,1,0,0,13,3,1,1,4,0
2Kyh3eocpmsqv_yhKohPcg,Nicole,31,2007-06-20,0,0,0,0,None,3.97,0,0,0,0,0,0,1,0,0,0,0
qM860LaOe0n0CpBEPQKycQ,Nic,190,2007-08-22,109,108,109,9,"2009, 2010",3.88,65,4,3,13,6,19,35,82,82,6,8
8ut0DznEJKuBfhL3I2_PJA,Walter,56,2007-08-03,6,1,2,2,None,2.66,1,0,0,1,0,8,0,2,2,1,0
1xpxg6nOOv8k2ib71AYm7g,Michelle,31,2007-09-13,1,0,0,1,None,4.14,1,0,0,0,0,0,0,0,0,0,0
8302qBEmZeTJZQY72xD4Sg,Lina,285,2007-07-23,80,26,7,14,"2015, 2013, 2012, 2014, 2016, 2017",3.21,2,2,1,0,0,3,15,10,10,4,2
OJWfrIgyfh9tH82FUeMtmQ,Jessy,16,2007-04-24,1,0,0,0,None,3.65,0,0,0,1,0,0,0,0,0,1,0
vdhqioUxvaVCIAqeFIbX1w,Lindsay,33,2007-02-12,4,0,0,0,None,3.52,0,0,0,0,0,1,0,0,0,0,0
baiRZ5SXp2CA6MIMu8zZCA,matt,8,2007-12-02,0,0,0,0,None,4.88,0,0,0,0,0,1,0,0,0,0,0
HvDc8b8v_LEPY_yaK9bZVg,Miles,114,2007-03-21,2,0,0,8,None,3.31,0,0,0,0,0,2,3,2,2,2,0
lhXwpjhju5GvdhbDloX5Xg,Kathryn,385,2007-07-28,246,395,716,5,"2007, 2010, 2008, 2009",3.88,12,2,0,5,3,4,17,29,29,3,3
ZSjnj9SVwtE5snGBCLdLIQ,Jeremy,2,2007-08-16,0,1,0,0,None,3.0,0,0,0,0,0,0,0,0,0,0,0
V4uH52BfO596yG7OAn5w-A,Albert,913,2007-08-09,92,69,178,61,"2013, 2014, 2010, 2009, 2016, 2017, 2015, 2011, 2012",3.46,55,10,5,0,8,65,109,121,121,34,14
HvYzRSwP6wfJnos4MekFtw,Trulee,53,2007-10-29,57,6,2,2,None,4.09,0,0,0,0,0,2,0,0,0,0,0
2s0hiq9P-Qr5_-wExR8FqA,Linda,28,2007-12-14,2,0,0,1,None,3.59,0,0,0,0,0,0,0,0,0,0,0
PPuK3vKlgoWlTF2rfvFD8A,Ken,633,2007-07-30,838,82,161,7,None,2.78,3,4,0,2,0,5,20,18,18,1,1
lwKFXEE-nhfvD-bbEWIn3w,Alex,166,2007-06-28,45,97,18,12,"2008, 2009, 2013, 2010, 2012",3.85,14,2,2,0,0,11,13,14,14,7,2
0kUH9Zi-MKZybdUF1Fpfkg,Pinguino,162,2007-11-16,59,14,10,24,None,4.34,5,3,0,3,0,5,5,14,14,6,3
pDfL8xt8F8ls0-kQIG_ADg,Earl,1241,2007-05-22,9361,7932,9739,195,"2011, 2012, 2013, 2015, 2009, 2016, 2014, 2010, 2017",3.58,3722,322,418,96,121,1087,3236,4529,4529,1634,6085
Zrqc1VbZ2YDMzvJJvp_pfw,Brian,27,2007-01-07,0,0,0,0,None,3.85,0,0,0,0,0,0,0,1,1,0,0
Ktd04SKOw89dE2DPOCj2wQ,Jon,248,2007-07-09,213,191,77,19,"2016, 2015, 2014, 2017",3.49,3,2,0,0,0,5,11,9,9,11,2
s0o3eveSK_aX7kW7yl-Ajg,Eddie,17,2007-09-06,2,2,1,1,None,3.68,0,0,0,0,0,1,0,1,1,0,1
0dU6mhBT2sZvITJjsEkOJA,Jeff,141,2007-11-25,3,3,1,4,2010,3.33,2,1,0,0,0,4,3,5,5,3,0
NFKyatcSeaZb8kQ5IS5imA,Paul,34,2007-12-28,0,0,1,3,None,4.56,0,0,0,0,0,0,0,1,1,0,0
OjlGEiH2h6E5HpZMxb6gNw,Richard,24,2007-05-20,14,3,2,2,None,3.71,2,0,0,0,0,1,1,3,3,1,0
0yaQGU1zB3aqvtUaE3Bf7A,Clover Dan,223,2007-01-03,0,1,0,4,None,3.8,1,3,1,1,0,0,2,12,12,0,0
I-0bgdPlmkT4kdll7vnasw,Michae,0,2007-01-24,0,0,0,0,None,3.87,0,0,0,0,0,0,0,0,0,0,0
W0x0ai1m918e3firtX0bOQ,Rick,105,2007-01-08,32,22,17,11,"2008, 2009",3.65,1,5,3,0,0,2,6,6,6,2,0
GTRGmYP8ENGmf_G37G3MlA,Jet,40,2007-08-24,2,0,0,1,None,4.35,0,0,0,0,0,0,0,1,1,0,0
lWc0wewuhtK7W4KCnWcRHg,Camille,105,2007-05-09,49,41,38,15,"2007, 2008",3.83,63,3,1,5,2,6,22,37,37,2,2
MkfHqb7y4U014Uv4CFELPg,Sunny,95,2007-02-03,512,286,244,9,"2008, 2007",3.78,6,2,0,3,1,5,28,25,25,1,0
Mroo2vzf1gqZoag-Y8nT3A,daniel,52,2007-10-25,50,9,3,3,None,3.2,1,3,0,0,0,2,4,5,5,3,0
VzSIM5gfvVH8j4gEYxsdPQ,Leah,13,2007-05-11,1,0,0,1,None,5.0,0,0,0,0,0,0,0,0,0,0,0
BVKJF0OYYy9uqOEmEL37bw,Matt,1400,2007-02-02,151,67,9,43,None,4.07,23,7,4,11,0,19,28,33,33,16,2
Ek72WJHpmxrDySEv6p2j8Q,maria,1,2007-11-26,0,0,0,0,None,1.0,0,0,0,0,0,0,0,0,0,0,0
Lp23cpOVl1BmWTuAC7j_GQ,joan,82,2007-06-20,16,0,0,0,None,3.37,0,0,0,0,0,1,0,0,0,1,0
NhxjFSxb9XlaP9qndnOjSg,Don,36,2007-06-23,16,0,3,1,None,4.47,0,1,0,0,0,0,2,1,1,0,0
EapKc4bkRjpZeoqItrjmZA,Carrie,116,2007-06-26,20,43,16,6,"2013, 2014",3.43,18,6,1,0,1,5,12,32,32,11,1
kcp8rc1RE48YUKMpqP8X0A,Mark,3,2007-06-14,0,0,0,0,None,5.0,0,0,0,0,0,0,0,0,0,0,0
47brw4Hqyrq5EAYUMeyRvQ,Sam,3,2007-11-16,1,0,2,1,None,5.0,1,0,0,0,0,0,0,2,2,0,0
K_hCqC-OASPb22AEgOSGjQ,Melinda,560,2007-01-29,2,6,1,5,None,3.43,0,1,0,0,0,1,6,14,14,3,0
T4rJAU9B8xPc5_1Y8IALIQ,senait,45,2007-04-19,2,1,0,3,None,3.36,1,1,0,1,0,7,6,3,3,0,0
