VrCsj070zx03rU57rtoMGg,Ron,53,2006-09-04,14,2,4,2,None,3.72,0,0,0,0,0,0,3,0,0,1,0
QkWMqG7hQps6w487TAb35w,Amber,159,2006-07-14,1,6,2,5,None,3.86,5,2,0,2,0,5,3,10,10,1,0
CD6cbXSLBr4qTeqnvRIf-A,Steph,13,2006-06-03,2,4,0,1,None,4.43,0,0,0,0,0,0,0,0,0,0,0
XzlMmWBSdegTXuHRTcuQGA,Russ,47,2006-07-28,61,20,11,2,None,4.1,0,0,0,0,0,2,2,1,1,1,1
9oud9pgPIhoXYt0000Ulyg,Karen,36,2006-10-20,3,0,0,1,None,3.63,2,0,0,0,0,0,0,0,0,0,0
DxQeJSiKJUmWIre2XGaKGg,Brian,375,2006-09-29,0,1,0,2,None,2.99,1,0,1,0,0,3,1,10,10,1,0
_SVAW_bwFx3G2tDqmsmOBw,Steven,461,2006-12-11,62,78,79,15,"2012, 2009, 2008, 2013, 2007, 2010, 2011, 2015, 2014",3.7,14,5,3,2,1,27,26,33,33,10,0
a3dlnM6krzE0hnc7yTXJtA,Leslie,25,2006-06-28,27,14,10,0,None,3.27,0,0,0,2,0,4,2,0,0,1,1
7Oh3I3WgYL8BIEQx9i9IJw,Tina,342,2006-09-01,115,84,45,20,"2006, 2010, 2011, 2009, 2012, 2007, 2008",3.69,9,13,2,1,1,18,48,26,26,5,6
aZUQ4M_4NnKssJZph9pQcA,Winter,76,2006-07-07,41,33,31,5,None,4.22,8,1,1,2,1,1,3,11,11,0,0
NUrAAn-iVvDtTiN8X3DCJw,Nathan,15,2006-12-29,3,0,0,0,None,4.13,0,0,0,0,0,0,0,0,0,0,0
NuLoX_hybPLwLx8_daX1Mw,Liliana,17,2006-05-29,2,2,0,1,None,4.43,1,0,0,0,0,0,1,0,0,0,0
4eZWKw5tcDu0n4gdBayXDw,Jay,13,2006-08-08,0,0,0,0,None,3.08,0,0,0,0,0,0,0,0,0,0,0
vWVRXAbZ-JuEZiRm52-s4w,Frank,96,2006-12-23,7,1,1,3,None,3.51,3,1,0,0,0,0,3,6,6,3,0
fDmUDzZ3d2NkNmJQzZYbbg,Marco,138,2006-12-31,14,18,9,6,None,3.97,2,1,0,0,0,0,3,4,4,0,1
2nXpeVQyYUDOWgSgsoRPRA,Robin,67,2006-03-30,305,152,190,7,2011,3.55,3,1,0,1,0,5,8,6,6,1,0
Ezf8zkqNe2lVM6Q15YNXkQ,Adam,1,2006-10-02,0,0,0,0,None,5.0,0,0,0,0,0,0,0,0,0,0,0
c9lKkM_61dPNorkFj0ktxQ,Robert,34,2006-10-14,7,0,0,2,None,3.58,0,0,0,0,0,1,2,0,0,2,0
wJ_p-pNm-TgY3ZSeiw3S0g,Julianne,135,2006-10-17,0,1,0,12,"2009, 2007, 2008, 2011",3.81,4,3,1,1,2,4,5,16,16,3,0
aWdNecGnXLkV8D3Q57q6tQ,Ronald,119,2006-12-22,30,7,16,2,"2009, 2010",3.78,10,2,0,0,1,2,13,8,8,4,1
UFMLnxUKsNsh4EHx9Ht_zg,Ellie,43,2006-08-25,4,10,0,3,None,4.04,1,1,0,0,0,0,3,3,3,0,0
hV9bI1Qe5WquAoDNHCllXg,Tom,263,2006-07-24,3003,1514,2726,13,"2008, 2010, 2007",3.44,4,5,1,7,1,10,21,20,20,7,1
xJDb2X2pxTuH343MW-DVGg,Steve,492,2006-08-26,48,35,25,18,"2017, 2007, 2010, 2012, 2008, 2013, 2016, 2015, 2014, 2011, 2009",3.5,33,10,8,9,20,27,33,61,61,22,1
ivxHer0659HvKFC7m7R2KQ,Moira,100,2006-02-22,49,9,16,8,None,4.73,1,2,0,0,0,1,2,4,4,0,0
GgLb3_MNER5CufBt5Bgvsw,Ferol,80,2006-02-01,68,128,29,11,None,4.22,3,4,1,1,0,2,6,7,7,2,0
BNQ2ZTmK13yfvFEbGfhLLw,Randy,6,2006-03-19,0,0,0,0,None,4.43,0,0,0,0,0,0,0,1,1,0,0
A6y-E6QC4q6Ty5kQU0HmFg,Cheryl,9,2006-03-25,0,0,0,0,None,4.33,0,0,0,0,0,0,0,0,0,0,0
bgUmuR8ZuLe_nFUVHXLGSA,Matt,39,2006-02-09,6,12,1,1,None,4.09,1,0,0,0,0,1,2,2,2,0,0
sJy-UsIJRGXKIPBK3zwn4Q,Doug,150,2006-02-25,19,15,22,10,None,4.04,1,3,2,0,0,2,9,16,16,4,0
o2VBtYXWc7l-RWH39Ze6xg,K,22,2006-10-02,6,2,0,0,None,3.24,0,0,0,0,0,0,1,1,1,0,0
QxicE6c4zNxYYJh_aeywlA,Mark,410,2006-01-28,214,194,149,35,"2010, 2009",3.72,36,5,2,2,0,14,51,74,74,19,6
zL56yRvDyniWu1CHMbcHcA,Nate,197,2006-10-14,17,4,8,9,2007,3.2,5,5,0,0,1,19,17,14,14,5,0
7q4xkKgHdcH4w3fJqpvofg,Adrienne,72,2006-12-13,24,16,12,3,None,4.22,0,1,1,0,0,3,5,3,3,4,1
wpGcb3m4nFiXbrb2BvdZIQ,Hasan,63,2006-11-28,19,2,1,0,None,3.23,0,0,0,0,0,1,2,1,1,0,0
3ZvQCIePhZA0zfbNi_yKgw,Kelli,11,2006-09-08,6,1,0,4,None,3.83,0,1,0,0,0,0,1,4,4,0,2
x5NS4ugDIWYTevJ2rx_9UQ,joe,183,2006-11-28,12,10,6,4,None,3.56,0,2,0,0,0,5,12,11,11,7,0
Lf7xfDXbLfOuuFGS4E-fEg,birdonaw,26,2006-08-21,0,0,0,0,None,3.85,0,0,0,0,0,0,0,0,0,0,0
MW5yJ20UFL2zpmajGP37JA,Liz,245,2006-09-23,39,22,15,19,"2008, 2007, 2009, 2006, 2010",3.55,15,7,1,3,3,14,16,17,17,9,3
F2R-WQ_mIDpnfePkMLo8jg,Ruslan,8,2006-01-15,3,0,0,1,None,2.13,0,1,0,0,0,0,0,0,0,0,0
Vwa5n73-PUi1TGg5LdmgiA,Danvin,280,2006-11-23,23,19,30,23,"2008, 2009, 2010",3.59,32,5,0,1,1,19,8,34,34,12,3
fcnaLf9n35xD9mQjJ773ug,Ani,363,2006-03-22,1044,548,247,45,"2013, 2010, 2011, 2012",3.81,35,6,1,7,4,27,49,41,41,17,6
zMIg7OO9M9FwZUr_Yi1Cug,John,15,2006-09-09,3,3,0,3,None,4.16,0,0,0,0,0,1,1,0,0,0,0
IcR-h0QfYrjHrbGVmdkDEg,RowerRob,192,2006-12-31,47,15,14,8,None,4.15,10,2,1,0,0,13,19,18,18,3,2
Pm63TOBmywl7rwhzWo2o9A,Sol,133,2006-12-31,7,0,0,3,None,3.65,1,1,0,0,0,2,2,4,4,1,0
yFqO3NGu5xHOo20Xs4JUjg,Melissa,927,2006-08-28,1229,400,14,46,2017,3.58,25,8,2,3,1,20,60,61,61,7,11
C5dIb1nUvZGJfRBzZ7L01g,Charles,17,2006-08-15,1,0,0,2,None,3.78,8,1,0,1,0,8,11,6,6,4,0
KJIG4f-w0b-pcv17Wq9GPQ,Eric,7,2006-10-26,0,0,0,1,None,3.71,3,2,2,0,1,4,2,7,7,1,1
NsTnxu-DGoY8O11jHeOpLw,Mike,17,2006-11-12,2,0,0,1,None,4.11,0,1,0,0,0,0,1,1,1,1,0
d_lpeMZNVRU0d-t50BGQ6Q,Penelope,239,2006-10-24,182,5,32,12,"2017, 2014, 2016, 2015",4.14,13,2,0,0,1,15,12,4,4,6,0
bvwYD6VmBH5VfdEWDFa_PA,Tanya,91,2006-10-01,361,325,304,33,"2007, 2006",3.77,50,4,4,15,1,13,19,41,41,35,1
SYZJCVFVT5cqDPZB9OgFXg,Joe,16,2006-08-23,2,1,0,2,None,2.81,0,0,0,0,0,0,1,1,1,3,3
x4T3nmHVlne7q464jVpR1A,,48,2006-11-29,0,0,0,0,None,4.0,0,0,0,0,0,0,0,0,0,0,0
jb2qKBqittzOBgnW58jFmQ,Emily,65,2006-04-22,6,8,4,4,None,4.0,2,1,0,0,1,1,6,5,5,2,1
kFg-iDYDl0oRUvyX96c8Ug,Sa,5,2006-04-29,0,0,0,0,None,4.2,0,0,0,0,0,0,0,0,0,0,0
qvAp_NOAUfxXsFFAqJQLBA,Ellen,1,2006-02-19,0,0,0,0,None,3.0,0,0,0,0,0,0,0,0,0,0,0
Gt5pfHWMOq3UiBVDLyczLA,DasSc,1,2006-04-16,0,0,0,0,None,2.0,0,0,0,0,0,0,0,0,0,0,0
m2M9qvF1joFKisTeb7NRQw,Candice,252,2006-02-23,739,68,206,13,"2014, 2015, 2016",4.03,8,0,3,1,0,3,20,7,7,9,0
RIw2VUpiFe6TA2TGBpdpWg,Will,21,2006-11-30,6,12,1,0,None,3.33,0,0,0,0,0,0,0,0,0,0,0
9B7V3xkmkSmnbsrzkNQNJA,Gregory,71,2006-10-21,141,71,40,5,"2012, 2013",3.75,15,0,0,1,0,12,15,18,18,8,5
DWk2VHG3sxCCKcrn4CZIrQ,Jason,21,2006-05-18,3,0,0,0,None,3.27,0,0,0,0,0,1,0,0,0,0,0
fzbnoF0jIPX3Y-jz0uXc0A,P,9,2006-05-26,0,0,0,0,None,3.11,0,0,0,0,0,1,0,0,0,0,0
ZOqwJDdDKB_x-uhyUp2zOA,marc_von_me,35,2006-11-20,0,0,0,0,None,3.46,0,0,0,0,0,0,0,0,0,0,0
egtD3QDv__ldvbYgZf-kMg,Charles,214,2006-04-11,174,159,148,5,2016,3.98,2,0,0,0,0,4,13,0,0,1,4
C7W-sGZ6auSM_4ToslQCFg,Miles,14,2006-10-12,1,0,0,0,None,4.44,1,0,0,0,0,1,2,0,0,1,0
Rh91giys8kpc4qrWHkewVA,Mike,468,2006-05-08,282,92,132,19,"2015, 2012, 2009, 2008, 2013, 2010, 2011, 2014",3.66,3,3,0,0,0,12,27,24,24,7,3
E5gLR1R74LNHkVLKfs2XTQ,Chris,21,2006-11-17,7,0,0,1,None,2.7,0,0,0,0,0,1,0,0,0,0,0
5Vy16zNn6b_U_rAX7cuisQ,Heidi,155,2006-09-12,21,20,13,8,"2011, 2010, 2012, 2013",4.05,12,2,0,0,1,7,6,17,17,4,2
VtIQ2P5P01MwtGlgPoI0Zg,Courtney,21,2006-11-22,2,0,0,0,None,4.57,0,0,0,0,0,0,0,1,1,0,0
Z9HQOPicVKaaCVOb4-J6qQ,wsl,75,2006-08-31,13,11,7,13,None,3.52,2,1,0,0,0,5,5,1,1,0,0
d0sbWTa8sA6rS-L4rztmCw,Cassie,8,2006-10-01,0,1,1,0,None,2.75,0,0,0,0,0,0,0,0,0,0,0
hkHq1VJn38h_xjlOCcSnsg,Mitzi,286,2006-05-15,211,166,131,6,"2009, 2008, 2007",3.7,8,2,0,2,1,3,8,15,15,5,0
e9DwL7O_7JwVVgZmumaQ0Q,Ray,55,2006-10-24,4,1,5,2,None,4.17,1,2,0,0,0,1,2,2,2,1,1
cdF9fovYyiU-TKr_GcNxsg,Richard,209,2006-12-11,84,16,1,4,None,3.57,0,0,0,1,1,4,9,0,0,1,1
xG69K_YCzvdJeBRWWbkrNw,Peter,221,2006-07-06,13,4,1,10,"2009, 2008, 2007, 2010",3.45,17,6,1,5,1,7,12,24,24,3,0
k63ruJqUB7K2nF_JLH0ITg,Theda,168,2006-03-02,187,357,250,12,"2006, 2007, 2008",3.96,9,2,4,9,4,12,20,24,24,7,3
Yor3kMtU0WvmtZC8KKiP5g,David,37,2006-07-30,19,2,2,1,None,3.26,0,2,0,0,0,0,0,0,0,0,0
BKc_Kqv72_v0g4xFZdBnWA,Alex,82,2006-10-18,54,30,40,4,None,4.06,1,0,0,0,0,0,3,3,3,1,0
xA4JmvFap_i0PsUb3nR-IQ,Susan,86,2006-08-15,7,1,0,8,2012,3.93,2,1,0,0,0,2,3,1,1,1,1
-N1rDtpUIHpjrEujRyzVKA,Owen,22,2006-09-01,0,0,0,0,None,4.27,0,0,0,0,0,0,1,0,0,0,0
p97qXQQWCha0FfYIYTIqiQ,t,4,2006-07-16,0,0,0,0,None,4.5,0,0,0,0,0,0,0,0,0,0,0
zyNXTGQ8-y4kQ57uaUVDDg,Arlene,95,2006-06-17,1841,404,357,3,None,4.29,1,3,0,0,0,2,15,4,4,0,0
P2fXcmsU_vrs4zB2IfsHnQ,Mel,831,2006-07-19,211,81,65,43,"2012, 2010, 2007, 2011, 2006, 2009, 2013",4.03,45,8,7,12,5,31,40,107,107,13,12
1mSg5CxpiEDMVIpnnrac9A,Brandice,7,2006-12-13,3,1,0,3,None,3.25,0,0,0,0,0,0,0,0,0,0,0
xl3fVHYw1oePhSw34sILmg,Jess,56,2006-07-12,10,17,12,2,None,3.59,0,1,0,1,0,1,3,4,4,1,0
L4CXCKMj2NDsr8fd2_XmkA,Misse,591,2006-05-31,19,23,8,58,"2006, 2009, 2007, 2008",3.83,24,10,3,2,13,33,46,42,42,7,9
6BMgtg9ptNYnHNs3I38Zsg,Joe,32,2006-10-13,0,0,0,0,None,3.78,1,0,0,0,0,0,0,0,0,0,0
b8HMYTdy6eOdNgH67INEfA,Bob,29,2006-09-25,6,1,1,2,None,3.85,2,1,0,0,0,0,3,0,0,0,0
GT1cNT11MnJY9d-s9Fe7ZQ,luc,10,2006-11-11,7,1,2,0,None,3.6,0,2,0,1,0,0,0,2,2,0,0
RFB3e7tHTMg_zFYXpuaSdg,Adrian,11,2006-07-09,35,2,1,0,None,4.91,1,0,1,0,0,0,0,0,0,0,0
_dqRcJqA2gW3R6Pf5Orexw,J,2,2006-08-15,1,0,0,1,None,2.5,0,0,0,0,0,1,0,0,0,0,0
-Pujq1TZYwI6bcA86LfleA,zat,14,2006-08-13,0,0,0,0,None,3.57,0,0,0,0,0,0,0,0,0,0,0
PLkCjuKo8oQP5u8IFa5vug,Jessy,136,2006-10-06,2,0,0,4,"2016, 2017, 2015",4.18,6,2,0,2,1,1,2,4,4,3,0
jOERvhmK6_lo_XGUBPws_w,Yara,104,2006-12-16,280,99,140,3,None,3.87,4,0,0,0,0,6,8,2,2,2,2
FKvJA_OHy7SY8ECXyUyUsA,Carmen,123,2006-09-18,3,0,1,7,None,3.25,1,0,0,2,0,5,5,3,3,0,0
Ud_k9qqjqPgcoo00JTadBg,Chris,115,2006-10-09,151,64,127,6,2008,4.43,8,4,2,1,0,4,20,44,44,4,1
c6qZ_bAAVN3VA6IXLiUZ5A,Kellie,295,2006-08-29,34,13,26,13,None,3.62,8,3,1,1,0,10,15,13,13,2,3
G-KKZ_DT1jAF_gNUlGFFQg,Jenny,271,2006-10-05,799,420,387,32,"2007, 2008",3.39,97,13,2,17,5,48,69,88,88,16,11
xyiLW1QHi1Nk0Q7KguteDg,haldensle,5,2006-11-02,0,0,0,0,None,3.8,0,0,0,0,0,0,0,0,0,0,0
9zK9ZYmGa0ciHf2NlucboQ,Joshua,1480,2006-07-29,170,131,131,54,"2011, 2008, 2007, 2013, 2006, 2012, 2010, 2009",3.21,29,12,7,3,0,51,52,50,50,15,23
yfJ_doMbsntDMcu6PQKc4A,Monica,146,2006-06-23,4,2,2,6,None,4.13,1,1,0,0,0,1,0,2,2,0,0
G4p3A6VFPpTPF1EsMRFOcQ,Peter,69,2006-04-22,22,4,3,12,None,3.83,3,2,0,0,0,2,6,4,4,6,0
EAVj4zxhfMnhDiqoNC0dtg,Jim,11,2006-01-02,0,0,0,0,None,3.18,0,0,0,0,0,0,0,0,0,0,0
TvG6JUla4qa1fJlh782Viw,Kyle,32,2006-08-24,57,10,15,0,None,4.33,0,0,0,0,0,0,3,1,1,0,0
0AN5yUg4mL9oazMBuYQ96Q,Terry,86,2006-10-04,14,11,17,4,None,3.48,2,1,0,0,0,1,0,1,1,1,0
Bm5tu0Lwd5xkDumkXe3MIQ,n,105,2006-08-18,3,0,1,2,None,4.09,0,1,0,0,0,2,0,3,3,1,0
8DOEfPkOKmcp58tUsJn3Fw,niki,51,2006-08-17,2,3,2,3,None,3.96,0,0,1,0,0,0,0,1,1,1,0
kZ4cgZbicaNBbX0NeUo73g,david,17,2006-09-10,18,2,1,0,None,3.76,0,0,0,0,0,0,0,0,0,0,0
3X8nPqq5b-VItOiWdn73jw,Mike,150,2006-01-30,10,27,15,2,2007,3.74,4,1,0,0,0,0,3,2,2,2,2
xrLqI7Ga7JJjyv5NdCU5hA,Erin,30,2006-08-30,4,0,1,0,None,2.88,0,0,0,0,0,1,0,0,0,0,0
v1fcHhdjeUCV9QTwT2vCcw,Rennie,83,2006-05-04,107,32,54,1,None,4.01,2,0,1,0,0,4,2,6,6,2,0
I_-MJZpYEb2CkS6WBw3pXQ,R,130,2006-12-11,35,11,2,2,None,3.67,0,1,0,0,0,1,2,1,1,1,0
rqYtlPYnW7LP1gzWk1lMww,Des Esseintes,91,2006-12-07,0,0,0,3,None,3.38,0,1,0,0,0,1,2,2,2,1,0
uf8obApSGMOgyiYf0ecTrg,Vincent,2,2006-03-01,0,0,0,0,None,4.29,0,1,0,0,0,0,0,0,0,0,0
sfBfh6X2v2RDSz49DUVMxw,Mary Jane,458,2006-12-22,80,26,21,11,2011,4.1,31,3,3,8,1,28,16,35,35,5,7
UJcXryv3GnXik-dauejBdQ,John,843,2006-09-02,866,316,733,76,"2006, 2012, 2011, 2008, 2007, 2010, 2009",3.88,88,23,4,2,20,68,302,196,196,58,22
p99BGa4KWXL0rZ8SQqfpkQ,Gina,70,2006-09-19,1504,1226,1841,32,None,4.27,558,23,7,12,2,689,175,378,378,22,90
vLfRgjVHw4zSiKOmM7XvqQ,Marjorie,287,2006-06-03,186,127,166,38,"2009, 2008, 2007",3.71,41,7,5,16,0,15,16,53,53,9,7
yHQ-1X-cTtoOuvsliMi6WA,Jesse,57,2006-08-25,66,48,56,14,None,4.44,7,3,0,1,0,6,9,18,18,2,0
WkcL5zkm5CQLfgX8GlvI3w,Dan,59,2006-11-04,74,116,56,8,None,3.58,14,1,1,6,0,5,15,22,22,2,5
21My1a4quXUoLDSazGmXIg,Tom,40,2006-08-31,4,1,1,1,None,3.49,0,1,0,0,0,0,2,0,0,0,0
U9yWtQO_0LPjtaU9jN0JsA,Jean,1572,2006-11-28,144,81,42,115,"2016, 2007, 2013, 2012, 2014, 2017, 2011, 2008, 2010, 2009, 2015",3.47,46,9,2,4,9,29,53,88,88,44,11
N9raw8qET1b7nLHh_yzQZw,david,9,2006-11-17,0,0,0,1,None,2.7,1,1,0,0,0,1,2,0,0,0,0
yMBC2Twjzdt7II5F2mflhA,Paul,57,2006-12-31,47,16,9,7,"2008, 2007",3.98,9,8,2,0,0,14,27,23,23,11,1
Lr3Nlbzp3b31KooZPvrrdQ,Tracey,632,2006-05-30,1672,861,745,76,"2014, 2017, 2010, 2016, 2011, 2015, 2012, 2009, 2013",4.05,108,24,6,4,9,110,222,316,316,58,41
7Qe_FaCFzHwaIJwdc7V43g,Mel,6,2006-09-08,1,0,0,0,None,4.57,1,0,0,0,0,0,0,0,0,0,0
ebIVA87TvYFSU_03j7nHJQ,Amy,7,2006-05-14,0,0,1,0,None,4.86,0,0,0,0,0,0,0,0,0,0,0
G1EQySgLTrqgtywHmyI1mQ,Jessica,156,2006-03-22,36,38,26,43,"2010, 2011, 2009, 2008, 2007",4.06,40,6,0,0,2,11,13,38,38,11,5
fz3uA68BUuuLMgNoq_OrqQ,Kevin,38,2006-11-22,43,8,1,3,None,3.05,2,1,0,0,0,9,4,3,3,1,0
lnZAC2F0Qx_17YQqvjxcEQ,napha,88,2006-09-14,53,47,52,4,2006,3.52,1,2,1,1,1,8,5,6,6,3,1
FBRjdSizGuMyxQuSSwzarg,anita,31,2006-04-26,10,12,3,0,None,4.13,2,0,1,0,0,1,1,2,2,4,0
kLLXE4ziLtVIyyYfqUL2kw,Nina,14,2006-04-21,5,0,0,1,None,2.53,0,0,0,0,0,0,2,0,0,0,0
p6DtHN626fScjcZtrqC77Q,Julie,83,2006-08-13,1,2,1,0,None,4.14,1,0,0,0,0,1,1,2,2,1,0
ZRig-eQQZ-VGiyIPr1t-gA,Joey,35,2006-12-22,20,8,6,1,None,3.59,0,0,0,0,0,1,1,0,0,0,0
F9jbczmyVdLpWtkGrk1JZw,Carrie,14,2006-10-18,7,0,0,2,None,4.29,2,0,0,0,0,0,0,0,0,0,0
yoqMMxwvpML7NO1V18zO0w,Melanie,194,2006-03-29,86,159,110,9,2009,3.58,14,2,0,2,2,6,15,14,14,3,4
Xhiuf-jBBWvq_4w0uSE1tA,Chandler,330,2006-09-07,16,2,1,7,None,3.79,0,0,1,2,0,5,2,1,1,1,0
U08821SGyUmcjnoxAhA94Q,Kimberly,30,2006-07-14,28,27,10,3,None,3.93,0,0,1,0,0,1,1,0,0,1,1
jT_kJwwiukHyqZS2_YqB0Q,Chris,17,2006-11-20,8,8,6,0,None,4.21,0,0,0,0,0,0,2,2,2,0,1
RuO6MMvKlcFG6h6WV4dUOA,Mike,77,2006-07-28,16,4,3,0,None,3.7,0,2,0,0,0,1,2,6,6,0,0
c3ln_Gv0S1S8Jf4iSt9wNg,Eric,22,2006-12-16,6,1,0,3,None,3.18,2,0,1,0,0,3,1,0,0,0,1
9M8PtXcHhP5y4wgcR_Iv8w,Philip,196,2006-09-22,230,24,11,7,"2015, 2013, 2014, 2016, 2017",3.66,3,0,1,0,0,4,5,6,6,8,2
yPnoIzKsG7T9xahJN_8I7Q,Eric,77,2006-06-15,46,15,3,3,None,2.61,1,1,0,3,0,4,9,2,2,1,0
4HwS2oCVQ1-f_kzHCv5X3A,Christina,77,2006-09-29,93,31,10,7,"2015, 2014",4.2,10,1,0,1,0,11,15,10,10,17,3
-VHz8JVBdh7oh5qXv31qrA,Mike,16,2006-09-18,0,0,0,2,None,4.31,0,1,0,0,0,1,0,2,2,0,0
1JbJjfW5LHDy4_Qj0bZzNw,Sara,300,2006-06-06,91,13,1,4,"2017, 2015, 2013, 2012, 2016, 2014",4.33,0,1,0,0,0,6,0,2,2,6,1
YGhfM-MzZ10FQuMyWqh4Vg,Kevin,257,2006-09-27,55,28,16,1,None,4.05,0,0,0,0,0,1,4,0,0,0,0
KitOL77tybIs43D40D_WBg,guy,3,2006-10-17,0,0,0,1,None,5.0,0,0,0,0,0,0,0,0,0,0,0
pcpz-0vU2BVHJ0M7J1tGGA,gour,0,2006-07-14,0,0,0,1,None,4.43,0,0,0,0,0,0,0,0,0,0,0
Tm7oD5RD0HJO43uCG2dcPQ,S,49,2006-12-28,5,7,2,2,None,3.45,0,0,0,0,0,0,0,1,1,1,0
w4WcZKinAeaaKtDWucJTeg,Mike,11,2006-08-08,0,0,0,0,None,4.55,0,0,0,0,0,0,1,0,0,0,0
ssIQipMBoMA7HMXWCpRS8g,Mika,10,2006-06-07,20,10,4,1,None,4.3,0,0,0,0,0,0,0,0,0,0,0
evBgHn0yiLMAVMoaCy6W9g,Ray,147,2006-02-03,2,0,0,2,None,3.35,1,0,0,0,0,0,3,1,1,1,0
sZdy2AQD0gn7RMAJcu48yg,Maureen,375,2006-10-18,714,564,628,38,"2015, 2010, 2014, 2013, 2011, 2012",3.72,124,6,8,5,4,54,229,207,207,59,36
T8Hg9GIF0mQa5tvNKmZL7Q,Bruce,515,2006-10-10,574,195,177,65,"2009, 2007, 2008",4.12,53,18,6,11,7,30,67,112,112,29,12
IP3DqE3W5Co2Ksam39Rasg,Joe,346,2006-11-03,95,21,29,12,"2011, 2009, 2010, 2013, 2012",3.36,16,6,2,0,4,14,41,35,35,18,7
NdFRj_m3wLpIECBhCFSDuA,o,256,2006-12-05,0,0,0,0,None,3.89,0,0,0,0,0,0,0,0,0,0,0
tjFs-IIx435_3F6Dz7EoyA,Mani,36,2006-08-03,3,5,3,2,None,3.76,1,0,0,0,1,1,6,5,5,1,0
mj5EisgdBv7PCESflm3iSA,Michelle,50,2006-08-08,2,0,2,0,None,3.71,1,0,0,0,0,0,2,5,5,0,0
GGCHD6b1IcENHQ-pXLFYVw,Layla,544,2006-03-18,52,114,52,40,"2006, 2009, 2007, 2008",3.6,16,7,7,9,9,10,28,28,28,14,3
tLrEDEs1Zu5NNmVuUivxvA,Soozie,498,2006-09-06,1,2,2,37,"2008, 2009, 2007",3.36,39,12,8,22,0,15,25,45,45,2,7
3i0m0fQtYIgevava5-CWQg,Ken,15,2006-07-21,30,6,9,0,None,4.06,0,0,0,0,0,0,1,0,0,0,0
NpyMxfL4a33z3JDdX09GVQ,Loren,83,2006-03-08,11,10,7,4,None,2.33,0,1,0,0,0,2,6,1,1,1,0
gDxARuclOhlQf3Vpi7EW1g,chuck,11,2006-08-05,0,0,0,0,None,4.36,0,0,0,0,0,0,0,0,0,0,0
btiskuCkwExXY1Yyd5DMBA,Joanna,67,2006-11-23,3,0,1,7,None,3.55,13,1,2,5,1,2,3,12,12,1,1
1nTcw9FbmOWZyvGDb2VvpQ,Stacie,94,2006-09-28,28,14,6,0,2008,3.7,2,2,0,2,0,3,0,3,3,1,0
nzgqccQQN2Yv-w1GFeFRPA,Matthew,108,2006-08-23,93,41,56,4,"2010, 2009",3.46,13,4,0,1,1,4,9,4,4,4,0
RgJE0vbEXb00VMV2mTsfNw,Kristy,21,2006-10-17,0,0,0,1,None,4.39,1,0,0,1,0,0,0,1,1,0,0
b_WKm_4bioimENTpE7y4yQ,Briana,12,2006-09-11,0,1,0,0,None,3.92,0,0,0,0,0,0,0,1,1,0,0
NjRf_3nrhBvn8ZxRWtLAPQ,huong,27,2006-02-05,1,6,1,4,None,4.07,0,1,2,1,0,0,0,3,3,1,1
-kuyXi1FKIpsV1CsXGQu4g,Brian,132,2006-01-31,113,34,42,14,2006,3.47,0,1,1,0,1,6,6,7,7,1,0
NnHW5xsN9CDTYvjFBesjBQ,Jeff,4,2006-06-02,1,0,0,1,None,2.75,0,0,0,0,0,0,0,0,0,0,0
ri13A5y7jxFIgeHOAMmAiw,Dave,18,2006-08-09,2,0,0,1,None,3.84,0,0,0,0,0,0,1,1,1,0,0
a75rDUiWt3lrS-fusG993w,Caroline,233,2006-08-05,6,3,0,3,2010,3.8,1,1,0,1,0,1,1,8,8,6,0
EmPcdONs6821YhkRQ8s87A,David,316,2006-12-18,819,229,360,17,"2012, 2016, 2010, 2014, 2013, 2017, 2011, 2015",3.84,18,3,4,1,0,19,31,18,18,9,2
tZk5CeIvoU7MWPPI5NiiTg,Hazel Grace,223,2006-04-25,180,94,135,75,"2007, 2008, 2010, 2009, 2006",3.73,27,2,3,15,5,19,24,62,62,15,8
yYX_u8on4XjlOLAR19NYzQ,Gina,248,2006-06-05,172,19,15,8,None,3.82,3,5,1,0,0,7,3,3,3,2,0
_U9qCns_80YNfoSedKgzdw,Carla,589,2006-12-29,1779,380,1360,20,"2013, 2014, 2010, 2016, 2012, 2017, 2011, 2015",4.41,15,7,0,1,1,12,49,25,25,18,1
IjkxAYhF8YehMypUedurkg,Ben,19,2006-03-28,5,3,3,3,None,4.16,0,1,0,0,1,2,1,2,2,0,1
JLdEx0vHRLA4CLi3uyq--A,sonia,17,2006-11-30,12,3,3,1,None,3.33,0,0,0,0,0,0,0,0,0,0,0
XSa6QlhNV4tqyZxYMgDECw,Elaine,14,2006-08-04,44,1,0,0,None,3.93,0,0,0,0,0,0,0,0,0,0,0
a7tAv9Fn1XFeEoq6JtRXeg,Erik,14,2006-04-19,7,3,1,0,None,2.93,0,0,0,0,0,0,0,0,0,0,0
Nl39i4FEFppNo4q8OP50Sw,James,62,2006-01-03,188,54,3,6,None,2.87,0,2,1,0,0,8,1,6,6,4,0
rk73ya6FQe7fL45cHPCfbA,Susan,494,2006-02-23,73,73,16,18,"2011, 2009, 2010, 2007, 2006",3.4,6,4,2,1,1,12,18,16,16,7,0
xyTgJUyW9nPV1wbnr9u-_A,Thomas,491,2006-11-29,71,111,27,1,2017,3.46,9,3,0,1,0,7,8,14,14,2,0
L29oZl_jxqGjExoW2NqMcw,Bryan,82,2006-09-12,38,16,14,7,2007,3.97,3,3,0,0,0,7,13,5,5,2,0
Qm-c4_C6Du9z0ohPkG2Yow,RJ,56,2006-07-28,881,815,805,21,2008,3.56,53,10,8,11,4,41,53,91,91,13,4
sZUC9GbwvDHWrHl0D_d2dA,Karen,215,2006-03-30,2293,2273,2276,165,"2006, 2007",3.72,811,40,97,194,29,182,220,454,454,109,51
MQTF8C-3xd5tcTAwPPXZyQ,Melissa,689,2006-10-12,162,46,16,43,"2011, 2010, 2008, 2007, 2012, 2014, 2015, 2016, 2009, 2013, 2017",3.24,20,6,2,1,11,30,37,22,22,30,5
0ZQ40ghlaTfYj736SI81kQ,Lil,161,2006-07-20,74,95,42,11,None,3.97,5,0,1,0,0,7,4,4,4,4,4
gmGZHAlzwTOpu3jQ5UGqkQ,Jennifer,117,2006-10-21,30,11,6,0,None,3.95,1,1,0,3,0,2,3,2,2,0,0
D5uMny1pAVWhNGDvFDPp8g,DeathandFood,640,2006-07-19,435,129,78,21,None,3.57,16,5,0,1,0,9,33,23,23,15,1
k_6aXAIUrPjHZjA-qWQhYg,James,117,2006-05-26,11,20,9,10,"2011, 2009, 2010",3.82,7,1,0,2,0,2,5,14,14,6,2
VmjwwrxdekUYHTcBhbTvFA,Lola,20,2006-06-13,46,16,7,3,None,4.07,5,1,0,0,0,0,4,1,1,0,0
O2WiCiTpLHW_mtJD7e3G9A,tarun,7,2006-09-28,3,0,0,1,None,2.75,0,0,0,0,0,0,1,1,1,0,0
CHUfgQLRN_J3TfyeIo-dIg,Brandy,66,2006-03-04,104,151,14,7,"2006, 2007, 2008",3.33,6,5,2,0,0,10,5,7,7,13,1
lBf5LelVfhc413gczJkNDQ,Andie,39,2006-07-07,14,12,13,4,None,4.1,3,0,0,0,0,0,6,5,5,0,0
aIGv3Yv82yoBfjvkmKmu4A,Kai,161,2006-12-04,4,3,2,13,"2014, 2012, 2013, 2011",3.48,9,1,1,3,0,8,7,20,20,3,8
3wcS7s1AXUDijx6N5WoYAA,Oksana,35,2006-12-20,3,0,0,2,None,4.17,0,0,0,0,0,1,0,0,0,0,0
xzk-IgmL0steIuZ6QKLZcQ,V,186,2006-12-31,21,8,2,12,None,3.52,3,2,0,0,0,4,3,1,1,6,0
pmr7PAfxgdVog0j_FCfQCw,cay,89,2006-09-29,109,5,1,4,None,3.47,0,0,0,0,0,2,4,1,1,0,0
7lZj9hHVT2M2KiBWA3mYcQ,Anthony,24,2006-10-19,28,4,2,1,None,4.15,0,0,0,0,0,0,0,0,0,0,0
fiAtggeGGinY6UnHI75NcQ,Cynthia,623,2006-07-01,75,52,57,40,"2011, 2009, 2012, 2010, 2006, 2007",3.71,19,5,3,31,9,14,25,25,25,15,21
SqFMB4kvBCRZtyySDsG1eg,Hannah,227,2006-09-30,65,89,35,21,"2013, 2011, 2009, 2014, 2012, 2010",3.85,23,5,1,1,0,7,29,37,37,17,0
-G--fGa5W0duHyUxiKrXfw,Reese,119,2006-10-19,19,11,7,9,None,3.24,4,1,0,0,0,6,1,1,1,1,1
RKSAHW5KTjmnG7YctaV3GQ,Claire,397,2006-05-18,32,87,8,36,"2011, 2009, 2010, 2008, 2007",4.08,72,21,18,18,1,33,54,102,102,15,8
ioT4UHRwWlbAidIJHfnvOg,Randy,154,2006-11-06,1,0,0,0,None,3.7,0,0,0,0,0,4,3,0,0,0,0
6z26YTb8Dz_jlsgjt7qOPQ,cindy,195,2006-08-09,6,11,9,7,2007,4.05,7,1,0,0,0,2,6,9,9,2,2
K0bCbX58Ugb2otSlHFqmhA,Elea,58,2006-08-29,152,36,22,4,None,3.71,1,1,0,2,0,2,2,1,1,3,4
Hh7GQIAf3m9ONiL8bGz9sQ,John,322,2006-11-13,257,186,213,34,"2008, 2010, 2007, 2009",3.91,163,16,4,6,10,37,79,118,118,20,5
VEs0kwfD8-QZM0jVgmz9yg,Stacey,261,2006-11-15,81,38,47,26,"2007, 2008",3.62,5,5,0,0,8,4,15,20,20,2,2
kxA0vTDi1KABuA5Tgg1HKA,Erika,1985,2006-01-03,432,383,384,186,"2016, 2006, 2017, 2014, 2012, 2007, 2010, 2009, 2008, 2013, 2011, 2015",3.61,735,51,42,91,44,323,726,551,551,159,81
o_4JQFUoX0vCGnJAgTXrLw,Michael,37,2006-10-01,274,97,214,2,None,5.0,0,1,0,0,0,2,0,0,0,0,0
P9JOY8Wbxh8i12NOoCsaeQ,carlo,38,2006-12-27,14,7,9,3,None,3.58,4,1,0,0,0,1,0,2,2,0,0
Hfxl-wodL_f1ACvArgGypw,eileen,165,2006-10-11,14,19,2,12,"2009, 2008, 2007",3.27,9,4,0,1,1,9,6,6,6,2,8
uhrqsGDyYakXk3uPbxnPuA,Anna,35,2006-10-26,1,0,1,2,None,3.08,1,0,0,1,0,1,3,0,0,0,0
-7hnKm0I8detrDCgsibKsA,Liane,7,2006-12-22,0,1,0,0,None,4.14,0,0,0,0,0,0,0,1,1,0,0
DZFd8HvzvPGIR1vhHwxKXw,Jasmine,364,2006-08-21,30,9,13,38,"2006, 2010, 2011, 2007, 2008, 2009",4.01,20,8,1,1,0,11,23,19,19,15,1
SJVT_UGXeRmjCNPE-SEm2g,Olivia,90,2006-08-14,15,3,0,6,None,4.59,2,1,0,1,0,2,3,2,2,0,0
3nie2a6SfbWWv_GW0mlIdg,Selena,229,2006-09-18,1905,1038,347,141,"2011, 2006, 2012, 2009, 2010, 2007, 2008",3.61,477,26,9,72,8,98,161,246,246,63,68
Z4LjGuS6LGmSijnRB5hZBQ,Sarah,201,2006-03-13,102,56,2,5,None,3.69,2,2,0,0,1,4,4,8,8,4,0
mBV3IenBC4n_jbfu3GTHvA,Heather,209,2006-07-27,34,24,16,11,"2008, 2009, 2007, 2006, 2010",3.92,16,4,1,2,1,13,17,11,11,4,1
ICmQPIhTGNNYVba9TFauwQ,daniel,2,2006-10-14,0,0,0,1,None,2.5,0,0,0,0,0,2,0,0,0,0,0
y4XrPBUdbzXUCkkjfnvDYQ,Jay,571,2006-12-03,4,0,0,23,"2011, 2017, 2009, 2012, 2013, 2015, 2014, 2010",3.68,14,6,3,0,0,8,17,27,27,6,1
RocAazJ2yE87VaOKWa-nzw,Christopher,5,2006-10-05,1,0,0,1,None,3.83,0,0,0,0,0,0,0,0,0,0,0
zjDzAPojFIFsDwHYdA4Z7A,Xtina,102,2006-02-23,105,11,5,3,None,3.88,0,0,0,0,0,1,0,1,1,1,2
VaVzAV3Bp3Vv7g6J3NmEGA,Stephen,196,2006-11-27,133,191,97,62,"2007, 2008",3.39,70,18,6,10,1,133,91,130,130,55,5
AGjL2Ow20VNxqKHVfT1hdQ,Benson,88,2006-07-18,10,13,5,1,2007,3.63,0,1,0,0,0,4,1,1,1,3,0
CMNeas2Y8ai4ImpPwgwAew,Jennifer,288,2006-03-24,0,0,1,13,"2008, 2007, 2009",3.51,7,7,3,3,0,5,7,14,14,5,1
btUugfufQAe-QD6gC_Ckmw,Gianna,357,2006-11-22,91,0,2,22,"2012, 2014, 2015, 2011, 2013, 2010",3.9,8,11,1,1,1,10,13,15,15,14,4
6dGhIiebZuHD3L8HjUpPPA,Sarah,158,2006-07-15,490,449,501,72,"2008, 2007",3.99,123,17,8,8,7,44,84,130,130,21,7
mqDe2gSdjxHoYc9eKHBNiw,Tad,78,2006-09-29,15,7,7,6,None,3.69,1,1,0,0,0,1,2,0,0,2,0
vWV3K0A4Llj1wyNgD_g2bA,D,14,2006-07-06,0,0,0,1,None,3.87,0,0,0,0,0,0,0,0,0,0,0
5TPIiqBAmqZt6gp4t8p-ug,Andrew,95,2006-09-25,18,7,8,1,None,3.43,0,0,0,0,0,2,1,3,3,0,0
J4UsXVUsSMyu_cxdiocuqg,Danelle,28,2006-08-19,77,20,15,4,None,3.9,0,2,0,0,0,2,3,3,3,0,0
0qCIosK_yncVPApT7J0VFw,George,56,2006-07-13,83,161,74,10,2008,3.5,37,10,6,8,1,20,42,56,56,6,2
8oldss5X83ZyiMFBEhhvFQ,Drew,3,2006-11-08,0,0,0,0,None,3.67,0,0,0,0,0,0,0,0,0,0,0
ldnuIYms0jjlX9XEINVkaw,Gregory,94,2006-12-29,7,11,0,7,2009,3.65,6,1,0,3,4,6,2,7,7,2,1
NFfTlmb1MNKdlqkhVaWz9Q,D,85,2006-04-07,4,3,1,7,None,3.51,1,1,0,1,0,1,5,5,5,2,0
oXWBXVyT-5QurIE6QsG_cw,Annie,248,2006-12-18,323,51,34,51,"2014, 2016, 2017, 2015",3.21,8,0,1,2,0,7,14,15,15,11,11
C-4a9xguoYZsmxXipo4p1Q,Ben,437,2006-03-02,194,165,801,83,"2011, 2016, 2009, 2015, 2012, 2013, 2017, 2014, 2010, 2008",4.09,316,36,34,9,6,434,771,782,782,122,23
GeyVltgrlgvpqG01e69EvA,Gina,163,2006-08-23,0,1,4,7,"2014, 2013, 2012",3.86,6,1,1,0,0,7,7,9,9,3,0
Nm_oECledKFKPGjq6JjvIQ,Katie,59,2006-12-22,42,25,16,7,None,3.75,3,3,0,1,0,2,5,4,4,1,0
id97cmQmqNJAglcMFbKPaQ,Judy,339,2006-07-08,68,39,61,14,"2013, 2016, 2017, 2014, 2015, 2012",3.49,19,3,1,1,1,8,9,21,21,15,0
e0NwiZY4SZ964OI-RNveBw,Avani,92,2006-08-28,41,7,1,3,None,3.9,2,2,1,2,1,3,1,6,6,1,1
bl9uobe0rspOGrKJLH2Pgg,Kenny,457,2006-03-24,126,80,82,35,"2010, 2011, 2008, 2007, 2006, 2012, 2009",3.26,22,6,3,2,1,42,34,51,51,19,9
dzyv9fXdY_TsrKV-bDUmrg,Herschell,39,2006-12-13,222,63,57,1,None,4.0,0,0,0,0,0,2,1,2,2,1,0
jJlYRJXPdIolKbuqGiZ-CQ,Valarie,250,2006-05-04,1724,1001,1375,28,"2008, 2010, 2007, 2009, 2011",3.94,67,1,4,6,1,16,37,61,61,5,6
aYtweh8LklzcT7F7a5SAGg,Mike,31,2006-01-19,37,4,0,0,None,2.66,0,0,0,0,0,0,0,0,0,0,0
tC4cdFKlzcLK258YANv6lw,Kay,16,2006-11-01,0,0,0,1,None,3.94,0,0,0,0,0,0,1,0,0,0,0
fopp5eWIdrKOHyIQuH-XBQ,Mochi,308,2006-11-11,8,5,3,8,"2015, 2014, 2013, 2011, 2016",3.71,6,0,1,0,0,1,2,5,5,6,0
F0nR2cEBLSZtBb2hlxnpoA,May,148,2006-06-22,6,1,1,11,"2017, 2015, 2016",4.06,5,2,1,0,0,1,2,7,7,4,1
vJhfgkIXwcCVQ7DO98KO0A,Heather,64,2006-09-09,8,1,3,3,None,4.48,3,1,1,1,0,1,2,3,3,3,0
4IAAIstib_oCMcpze7zMmg,Caroline,193,2006-04-10,66,14,7,51,"2009, 2006, 2008, 2007",3.56,28,4,2,4,0,14,28,57,57,18,2
Cyu8yG9GcCT77l458CUThQ,Khadevis,2,2006-08-08,1,0,0,0,None,4.0,0,0,0,0,0,0,0,1,1,0,0
XXDNuzA4iv4lj7tzOqiQ8w,Chris,96,2006-10-24,31,36,32,11,None,3.76,5,1,0,3,0,7,8,20,20,0,1
uFoXGe4pxq6Due1AENIqtg,Jeff,91,2006-09-25,0,0,1,1,None,3.46,0,0,0,0,0,0,0,3,3,0,0
CDjeQhhH7ZoSKBDQ5_O3ag,Dave,332,2006-08-15,228,60,110,35,"2012, 2011, 2016, 2009, 2013, 2017, 2015, 2014, 2010",3.85,21,9,6,0,1,31,104,64,64,17,4
ef_cOqHQxl2a6R0zxxKIsg,Jennifer,105,2006-05-08,11,13,5,17,None,3.92,16,1,0,4,1,12,13,17,17,12,4
wQYsTsEe-bucTs845UVcmg,Melissa,6,2006-09-23,0,0,0,0,None,3.67,0,0,0,0,0,0,0,0,0,0,0
11UHA2US5Nr3xxUSjlQesg,Joy,38,2006-09-02,7,1,1,1,None,3.89,0,0,0,0,0,0,2,3,3,0,0
kuSFOrOvSmQzxSn0u9KpIA,Daniel,173,2006-10-25,0,0,0,4,None,2.64,0,0,0,0,0,4,4,0,0,2,0
GCVaHG4P26q3CcEp3k7viA,Lauri,6,2006-09-13,0,0,0,0,None,3.29,0,0,0,0,0,0,0,1,1,0,0
9xXg9BhqoCtTyu56nj7GmQ,Shay,81,2006-10-15,9,10,2,0,None,3.0,1,0,0,2,0,1,2,5,5,2,3
Mba4-Rj1AwYohj0e_anpCQ,s,1,2006-08-10,0,0,0,0,None,3.0,0,0,0,0,0,0,0,0,0,0,0
eDekKy6HezCyn-w35nLmBg,Anthony,103,2006-08-28,12,15,16,4,None,3.95,1,4,0,0,0,5,4,5,5,2,0
8xev0Avovx_jp7LEw8JqvA,Joolie,1296,2006-05-15,1050,978,961,282,"2012, 2011, 2010, 2007, 2014, 2013, 2008, 2006, 2009",3.79,1877,108,102,336,37,414,728,1143,1143,247,91
IUA2DjE-p5OyvD7MNuUGQA,Mike,15,2006-12-19,6,0,0,0,None,3.53,0,0,0,0,0,0,0,0,0,0,0
LkzKyqvQ8T8u7nQ4HVdkhA,Tommy,103,2006-03-13,39,27,31,13,"2007, 2013, 2008",3.63,2,4,0,0,0,3,2,3,3,7,0
SJ8S5rUmJOJGMEbGHdLU3A,Christine,428,2006-09-06,444,312,197,18,"2009, 2007, 2008",3.57,37,4,2,7,6,21,36,33,33,14,9
2WlihtSTzoASNUyGjcWwiA,Elsie,35,2006-02-24,5,1,2,0,None,3.45,0,0,0,0,0,0,0,1,1,1,0
No-z4NfZSN7kOdSucW6eaQ,Phuc,879,2006-09-24,115,111,117,21,None,3.36,8,6,2,0,1,16,29,29,29,3,12
Fi8pBHcFvRkaJO88q6T69A,Aaron,257,2006-11-10,129,139,180,13,"2009, 2007, 2010, 2008",3.89,8,4,4,5,0,28,18,13,13,3,2
05C4aRhRYpwcoGCT537jLQ,Cindy,401,2006-03-04,96,68,59,5,"2010, 2009, 2011, 2007, 2008",3.85,17,8,0,0,0,23,24,24,24,5,1
sT5zogztfenLWofoZ92Eyg,AlexanderHan,49,2006-04-03,0,0,0,0,None,3.82,0,0,0,0,0,0,0,0,0,0,0
Psa1UCn_F5PQAqWwQnaZqw,David,26,2006-10-04,58,5,14,2,None,3.17,0,3,0,0,0,2,5,0,0,1,0
zg3ILuGZk534w3VoPCZovQ,Erin,64,2006-10-03,13,0,1,1,None,4.03,1,1,2,0,0,1,0,5,5,1,0
wRUp1JMtbtOxgMQkVoba3w,Michelle,608,2006-12-16,2796,175,871,24,"2016, 2017",4.18,8,3,2,0,2,14,27,24,24,12,6
ijraqM7LApiQGb4VsSgDNA,Becky,52,2006-08-30,1,3,0,2,None,4.04,0,0,0,0,0,2,0,2,2,1,0
-iBUZFbX7m2IrnraAhhQHg,Ryan,226,2006-11-20,40,5,0,6,"2016, 2013, 2015, 2014, 2017",4.0,4,2,1,0,0,5,5,9,9,5,1
wzY8kCAMLGzNoERwAyfBUA,Sharon,111,2006-08-25,24,11,15,13,"2007, 2008",3.9,11,4,2,0,0,8,6,13,13,5,0
QZIKBwlPSMpzXo0GxamwTA,Jeremy,47,2006-11-26,1,0,1,6,None,3.13,2,2,2,0,1,8,5,9,9,3,0
BdE5PB7f8dsdBTRzFk8uYg,Don,95,2006-03-12,2,2,1,4,None,3.36,0,4,0,1,0,3,3,1,1,1,2
tMrFi4iLcktbL0xtQb2gwg,alibee,106,2006-04-25,76,29,16,1,None,3.88,0,0,0,0,0,1,4,2,2,1,0
uJ75W39QMMNNP6idCviLWA,Tsou,75,2006-10-07,124,39,17,4,None,3.39,0,1,0,0,0,1,7,3,3,1,0
GecaWBJbVPrB_MHFZi_K0A,Fred,5,2006-08-29,1,0,0,0,None,4.2,0,0,0,0,0,0,1,0,0,0,0
NqzrfdDhxAWwnX2wzqo0GQ,kevin,8,2006-10-26,0,0,0,1,None,4.75,1,1,0,0,0,0,1,0,0,0,0
dVZiPeYoefhEzrYBzufJfA,Chris,9,2006-04-03,0,0,0,0,None,4.89,0,0,0,0,0,0,0,1,1,1,0
4Iy2pfgNFjAAvB9JjFVGqA,Anita,101,2006-11-10,24,5,6,11,None,3.93,1,3,0,0,0,7,2,8,8,3,1
a8YB75D__S-0fsnGPOvdqw,Bierpapst_Conrad_Se,9,2006-10-10,0,0,0,0,None,3.89,0,0,0,0,0,0,0,0,0,0,0
