qYxGJKlYrqNgodzMWHaaGw,Rhonda,130,2005-11-26,177,87,135,5,"2007, 2008",3.81,5,2,1,1,1,14,11,11,11,1,2
CII7ZpjbiSM_m_C62QkfAA,Buddy,105,2005-07-17,17,16,12,4,None,3.11,2,0,0,1,0,3,5,2,2,1,0
XlkKZ36kV1anfubqDYnhUw,Marvy,158,2005-04-30,334,82,58,12,"2009, 2010",4.06,8,5,1,1,0,7,14,18,18,6,3
BuLb6mmPyLqFNpWH6qWX3Q,B.,575,2005-07-07,3,1,6,21,None,4.01,2,2,1,0,1,9,13,14,14,6,4
YeoDS1ZbCxUlte6YA_Awtw,Don,190,2005-09-13,10,3,4,11,"2006, 2005",3.77,1,1,0,1,0,3,7,8,8,6,0
sAXAyCi1q4zpEAhqugT0Xg,Norm,491,2005-09-27,448,373,187,35,"2015, 2011, 2008, 2016, 2007, 2013, 2014, 2010, 2012, 2017, 2009",3.58,71,8,5,1,2,44,119,103,103,84,5
eZbcmXsKnruoFmUdsMi8gg,Beth,164,2005-09-09,5,11,2,8,"2006, 2007, 2005",3.88,2,4,1,1,0,8,4,11,11,4,1
0EhPIlDozxGKpbbHRr6vZg,Tricia,202,2005-02-26,32,8,15,19,"2017, 2015, 2016, 2014",4.05,36,9,1,1,0,15,58,74,74,23,15
AIE4KcOeqwanymsQuYcngg,Emily,5,2005-01-12,0,1,0,0,None,4.2,0,0,0,0,0,0,0,0,0,0,0
JFjQ5RntPGhsNO2agAEYtg,Leslie,24,2005-09-03,8,25,10,4,None,3.54,0,1,0,0,0,1,2,2,2,1,2
7clk7hJlh9U5Kkwq7IGLEw,a,1216,2005-07-06,1,7,2,28,2005,4.14,3,3,4,1,2,17,21,4,4,2,2
B0QGBVCUm54vs_waVzcScA,Andi,1080,2005-07-10,1926,1794,2540,98,"2010, 2011, 2005, 2006, 2007, 2009, 2008, 2013, 2012",3.87,292,23,22,45,33,102,178,377,377,59,11
odM7WqRsORcMsFymWEMiAw,Eric,157,2005-03-01,49,7,6,2,None,3.31,1,1,0,2,0,6,9,11,11,1,0
cvzKVWaGFysF1iZ1RUvsBg,Cheryl,384,2005-11-21,1297,1262,999,41,"2013, 2012, 2007, 2008, 2009, 2011, 2010",3.99,315,8,5,39,5,49,225,227,227,31,9
ssXAz7RahuYNDx7FeRe4Aw,Alex,365,2005-12-02,66,46,26,16,"2006, 2007",3.87,49,6,2,9,1,25,43,39,39,9,4
IjgzF9swWThw46rz-Fx0bw,S,466,2005-07-29,0,0,0,8,None,3.38,2,1,2,1,0,0,0,8,8,0,0
mxBmOz00l-6CBebMg5G91g,Nick,570,2005-09-15,2,0,0,34,2006,4.37,2,4,1,0,0,9,7,10,10,10,1
5_i7R5wN5m042GaXgUTxPg,Krankee,20,2005-08-18,1,1,0,1,None,3.95,1,0,0,0,0,0,0,2,2,0,0
nzi71d5dvB9_mXx0fUSmFQ,Jessica,208,2005-09-26,36,93,54,24,"2007, 2005, 2006",3.92,8,3,1,1,0,12,19,14,14,7,0
D3Os7pZg5YzCgtck0qv5hg,Tracy,487,2005-11-19,8603,3712,4409,33,"2008, 2006, 2009, 2007, 2010",3.27,22,10,4,4,5,20,68,30,30,7,6
AnpIbinfzqdoETYZ9XqQ3g,Sharlene,668,2005-08-03,55,51,33,18,"2011, 2010, 2009, 2012",3.63,17,0,0,0,0,7,4,30,30,9,4
PV1iSQbs2O-hl1xczrgF8A,Judy,30,2005-12-02,2,0,0,1,None,4.29,1,2,1,0,0,0,0,0,0,0,0
VL8apbjr8DO12StXwWhUNQ,Keith,36,2005-02-25,0,0,1,1,None,4.08,0,0,1,0,0,1,1,1,1,0,0
nrqbDl_0PZ1NUw81sJk8fA,Doug,47,2005-08-22,3,3,1,0,None,3.18,0,0,0,0,0,0,0,5,5,0,0
1iMp4dZDh12lMlHq_6HVCg,Kevin,58,2005-11-08,14,0,2,5,None,3.16,1,2,1,0,0,1,3,5,5,3,0
gv6n6dW3S44y9mFwMU5i0A,Nick,56,2005-09-19,55,5,8,3,None,3.72,1,0,0,0,0,0,0,3,3,0,0
4P8EDoVkcSLJs2XP5DJIPg,Tomomi,408,2005-08-19,409,180,302,22,"2008, 2009, 2007, 2011, 2012, 2010",3.56,113,6,6,21,9,43,86,136,136,31,12
qMXE99zknlT2O8kHzOtx-A,Boops,83,2005-08-01,26,66,4,0,None,3.63,0,2,0,0,0,8,10,1,1,2,1
tggHzrdFl3YPjKykfJc_Tw,Mac,405,2005-04-28,57,32,12,23,"2015, 2012, 2009, 2010, 2017, 2011, 2013, 2016, 2014",4.23,12,2,2,1,0,16,9,28,28,10,1
NIhcRW6DWvk1JQhDhXwgOQ,Lia,1740,2005-12-30,5810,5547,5308,222,"2012, 2016, 2007, 2011, 2010, 2009, 2015, 2006, 2008, 2017, 2014, 2013",3.64,606,58,44,47,21,431,667,673,673,259,88
7ZrvQfR3e3aZ2Fo6qG1eOQ,Shauna,2,2005-11-21,0,0,0,0,None,5.0,0,0,0,0,0,0,0,1,1,0,0
k4h5VRMWiKzWYPDW1gLj6A,Lijia,94,2005-03-05,46,133,75,5,None,3.84,0,1,0,0,0,3,5,0,0,2,2
u4rsQAHD2Eyn-jQUBWp6qA,David,20,2005-04-12,46,12,14,0,None,4.0,0,0,0,0,0,0,0,0,0,0,0
YMkkjYuojBf-uOh9atGUiQ,Jennifer,60,2005-02-08,3,18,5,3,"2006, 2005",4.5,2,1,0,1,0,2,5,4,4,2,0
pLYE0ajk01-NDLCVejwjKQ,Oliver,27,2005-03-08,3,0,3,0,None,4.39,0,0,0,0,0,0,1,2,2,0,0
6q3pLH-lte2gruIGqBDt5w,Diane,5,2005-08-23,3,0,6,0,None,4.6,0,2,0,0,0,0,0,0,0,0,0
Ud6j2HN40qEhycq2PuwcBA,Yan,1443,2005-05-03,62,341,119,72,"2006, 2008, 2007, 2005",4.03,202,19,9,29,13,58,147,223,223,35,37
R-i4F_rOYAMipGlvlP7A-Q,Aivy,1028,2005-10-09,173,793,100,80,"2006, 2010, 2008, 2007, 2017, 2016, 2014, 2009, 2015, 2013, 2011, 2012",3.91,106,15,9,10,2,67,91,136,136,56,8
z0VOhbk2zhK0W5kULwpGPg,Krishna,60,2005-11-13,12,6,1,2,None,3.94,0,0,0,0,0,4,3,3,3,4,0
vqd25k6Zx4mqYCCEFCT_Gw,Jenny,74,2005-08-10,5,3,0,8,None,4.03,5,2,0,2,0,4,4,4,4,3,3
bZHpFY2E4j1_XWNqyZJaZA,David,17,2005-11-21,1,0,0,0,None,3.29,0,0,0,0,0,1,0,0,0,0,0
s50ybEKVTcgO0rhu7bXKHA,Vvn,546,2005-05-15,96,24,39,22,"2013, 2012",3.1,36,7,4,4,1,16,35,39,39,18,5
fkRsTj79a6APcRHhqyiktw,S,70,2005-03-09,9,1,0,1,None,2.96,1,0,0,0,0,0,1,0,0,0,0
